-2.1517
0.4403 0.7472 1.0657 0.7472 0.4403
162.0 253.0 35.0 257.0 32.0 166.0
1.0000 1.0000 1.0000 1.0000 1.0000 1.0000
0.0000
-2.1517
0.4403 0.7472 1.0657 0.7472 0.4403
162.0 253.0 35.0 257.0 32.0 166.0
1.0000 1.0000 1.0000 1.0000 1.0000 1.0000
0.0000
-2.1517
0.4403 0.7472 1.0657 0.7472 0.4403
162.0 253.0 35.0 257.0 32.0 166.0
1.0000 1.0000 1.0000 1.0000 1.0000 1.0000
0.0000
-2.1517
0.4403 0.7472 1.0657 0.7472 0.4403
162.0 253.0 35.0 257.0 32.0 166.0
1.0000 1.0000 1.0000 1.0000 1.0000 1.0000
0.0000
-2.2404
0.5498 0.7736 1.0308 0.7736 0.5498
162.0 253.0 35.0 257.0 32.0 166.0
1.0000 1.0000 1.0000 1.0000 1.0000 1.0000
0.0000
-2.2404
0.5498 0.7736 1.0308 0.7736 0.5498
162.0 253.0 35.0 257.0 32.0 166.0
1.0000 1.0000 1.0000 1.0000 1.0000 1.0000
0.0000
-2.2404
0.5498 0.7736 1.0308 0.7736 0.5498
162.0 253.0 35.0 257.0 32.0 166.0
1.0000 1.0000 1.0000 1.0000 1.0000 1.0000
0.0000
-2.1599
0.4403 0.7472 1.0657 0.7472 0.4403
162.0 253.0 35.0 201.0 32.0 166.0
1.0000 1.0000 1.0000 1.0000 1.0000 1.0000
0.0000
-2.1599
0.4403 0.7472 1.0657 0.7472 0.4403
162.0 253.0 35.0 201.0 32.0 166.0
1.0000 1.0000 1.0000 1.0000 1.0000 1.0000
0.0000
-2.1599
0.4403 0.7472 1.0657 0.7472 0.4403
162.0 253.0 35.0 201.0 32.0 166.0
1.0000 1.0000 1.0000 1.0000 1.0000 1.0000
0.0000
-2.2587
0.5106 0.6918 1.1494 0.6918 0.5106
162.0 253.0 35.0 257.0 32.0 166.0
1.0000 1.0000 1.0000 1.0000 1.0000 1.0000
0.0000
-2.2587
0.5106 0.6918 1.1494 0.6918 0.5106
162.0 253.0 35.0 257.0 32.0 166.0
1.0000 1.0000 1.0000 1.0000 1.0000 1.0000
0.0000
-2.2587
0.5106 0.6918 1.1494 0.6918 0.5106
162.0 253.0 35.0 257.0 32.0 166.0
1.0000 1.0000 1.0000 1.0000 1.0000 1.0000
0.0000
-2.2587
0.5106 0.6918 1.1494 0.6918 0.5106
162.0 253.0 35.0 257.0 32.0 166.0
1.0000 1.0000 1.0000 1.0000 1.0000 1.0000
0.0000
-2.3528
0.5150 0.6884 1.1546 0.6884 0.5150
162.0 262.5 35.0 251.5 32.0 166.0
1.0000 1.0000 1.0000 1.0000 1.0000 1.0000
0.0000
-2.3528
0.5150 0.6884 1.1546 0.6884 0.5150
162.0 262.5 35.0 251.5 32.0 166.0
1.0000 1.0000 1.0000 1.0000 1.0000 1.0000
0.0000
-2.3528
0.5150 0.6884 1.1546 0.6884 0.5150
162.0 262.5 35.0 251.5 32.0 166.0
1.0000 1.0000 1.0000 1.0000 1.0000 1.0000
0.0000
-2.3528
0.5150 0.6884 1.1546 0.6884 0.5150
162.0 262.5 35.0 251.5 32.0 166.0
1.0000 1.0000 1.0000 1.0000 1.0000 1.0000
0.0000
-2.3528
0.5150 0.6884 1.1546 0.6884 0.5150
162.0 262.5 35.0 251.5 32.0 166.0
1.0000 1.0000 1.0000 1.0000 1.0000 1.0000
0.0000
-2.3528
0.5150 0.6884 1.1546 0.6884 0.5150
162.0 262.5 35.0 251.5 32.0 166.0
1.0000 1.0000 1.0000 1.0000 1.0000 1.0000
0.0000
-2.3528
0.5150 0.6884 1.1546 0.6884 0.5150
162.0 262.5 35.0 251.5 32.0 166.0
1.0000 1.0000 1.0000 1.0000 1.0000 1.0000
0.0000
-2.3533
0.5128 0.6901 1.1520 0.6901 0.5128
162.0 262.5 35.0 251.5 32.0 166.0
1.0000 1.0000 1.0000 1.0000 1.0000 1.0000
0.0000
-2.3598
0.5157 0.6876 1.1528 0.6876 0.5157
162.0 262.5 35.0 251.5 32.0 166.0
1.0000 1.0000 1.0000 1.0000 1.0000 1.0000
0.0000
-2.3784
0.5150 0.6884 1.1546 0.6884 0.5150
162.0 300.3 35.0 251.5 32.0 166.0
1.0000 1.0000 1.0000 1.0000 1.0000 1.0000
0.0000
-2.4162
0.5150 0.6884 1.1546 0.6884 0.5150
162.0 279.0 35.0 243.8 32.0 166.0
1.0000 1.0000 1.0000 1.0000 1.0000 1.0000
0.0000
-2.4295
0.5007 0.6996 1.1376 0.6996 0.5007
162.0 280.2 35.0 251.5 32.0 166.0
1.0000 1.0000 1.0000 1.0000 1.0000 1.0000
0.0000
-2.4653
0.5151 0.6883 1.1544 0.6883 0.5151
171.3 281.2 35.0 251.5 32.0 166.0
1.0000 1.0000 1.0000 1.0000 1.0000 1.0000
0.0000
-2.4653
0.5151 0.6883 1.1544 0.6883 0.5151
171.3 281.2 35.0 251.5 32.0 166.0
1.0000 1.0000 1.0000 1.0000 1.0000 1.0000
0.0000
-2.4653
0.5151 0.6883 1.1544 0.6883 0.5151
171.3 281.2 35.0 251.5 32.0 166.0
1.0000 1.0000 1.0000 1.0000 1.0000 1.0000
0.0000
-2.4743
0.5150 0.6884 1.1546 0.6884 0.5150
162.0 282.8 35.0 250.5 26.0 166.0
1.0000 1.0000 1.0000 1.0000 1.0000 1.0000
0.0000
-2.4743
0.5150 0.6884 1.1546 0.6884 0.5150
162.0 282.8 35.0 250.5 26.0 166.0
1.0000 1.0000 1.0000 1.0000 1.0000 1.0000
0.0000
-2.4792
0.5150 0.6503 1.1546 0.6503 0.5150
162.0 284.6 35.0 247.6 32.0 166.0
1.0000 1.0000 1.0000 1.0000 1.0000 1.0000
0.0000
-2.4848
0.5146 0.6844 1.1538 0.6844 0.5146
162.0 282.8 35.0 250.5 26.0 166.0
1.0000 1.0000 1.0000 1.0000 1.0000 1.0000
0.0000
-2.4977
0.5125 0.6882 1.1511 0.6882 0.5125
162.0 282.8 35.0 250.5 26.0 166.0
1.0000 1.0000 1.0000 1.0000 1.0000 1.0000
0.0000
-2.5034
0.5150 0.6712 1.1546 0.6712 0.5150
166.6 285.4 35.0 249.6 32.0 166.0
1.0000 1.0000 1.0000 1.0000 1.0000 1.0000
0.0000
-2.5037
0.5118 0.6888 1.1503 0.6888 0.5118
162.0 282.8 35.0 250.5 26.0 166.0
1.0000 1.0000 1.0000 1.0000 1.0000 1.0000
0.0000
-2.5037
0.5118 0.6888 1.1503 0.6888 0.5118
162.0 282.8 35.0 250.5 26.0 166.0
1.0000 1.0000 1.0000 1.0000 1.0000 1.0000
0.0000
-2.5034
0.5150 0.6712 1.1546 0.6712 0.5150
166.6 285.4 35.0 249.6 32.0 166.0
1.0000 1.0000 1.0000 1.0000 1.0000 1.0000
0.0000
-2.5128
0.5148 0.6662 1.1541 0.6662 0.5148
165.0 283.9 35.0 249.6 31.1 166.0
1.0000 1.0000 1.0000 1.0000 1.0000 1.0000
0.0000
-2.5128
0.5148 0.6662 1.1541 0.6662 0.5148
165.0 283.9 35.0 249.6 31.1 166.0
1.0000 1.0000 1.0000 1.0000 1.0000 1.0000
0.0000
-2.6055
0.5136 0.6799 1.1526 0.6799 0.5136
162.0 283.7 35.0 249.1 11.0 166.0
1.0000 1.0000 1.0000 1.0000 1.0000 1.0000
0.0000
-2.6055
0.5136 0.6799 1.1526 0.6799 0.5136
162.0 283.7 35.0 249.1 11.0 166.0
1.0000 1.0000 1.0000 1.0000 1.0000 1.0000
0.0000
-2.6055
0.5136 0.6799 1.1526 0.6799 0.5136
162.0 283.7 35.0 249.1 11.0 166.0
1.0000 1.0000 1.0000 1.0000 1.0000 1.0000
0.0000
-2.6610
0.5145 0.6642 1.1537 0.6642 0.5145
162.0 283.7 35.0 249.1 11.0 166.0
1.0000 1.0000 1.0000 1.0000 1.0000 1.0000
0.0000
-2.6610
0.5145 0.6642 1.1537 0.6642 0.5145
162.0 283.7 35.0 249.1 11.0 166.0
1.0000 1.0000 1.0000 1.0000 1.0000 1.0000
0.0000
-2.6664
0.5145 0.6596 1.1539 0.6596 0.5145
162.0 283.7 35.0 249.1 11.0 166.0
1.0000 1.0000 1.0000 1.0000 1.0000 1.0000
0.0000
-2.6664
0.5145 0.6596 1.1539 0.6596 0.5145
162.0 283.7 35.0 249.1 11.0 166.0
1.0000 1.0000 1.0000 1.0000 1.0000 1.0000
0.0000
-2.6664
0.5145 0.6596 1.1539 0.6596 0.5145
162.0 283.7 35.0 249.1 11.0 166.0
1.0000 1.0000 1.0000 1.0000 1.0000 1.0000
0.0000
-2.6664
0.5145 0.6596 1.1539 0.6596 0.5145
162.0 283.7 35.0 249.1 11.0 166.0
1.0000 1.0000 1.0000 1.0000 1.0000 1.0000
0.0000
-2.6664
0.5145 0.6596 1.1539 0.6596 0.5145
162.0 283.7 35.0 249.1 11.0 166.0
1.0000 1.0000 1.0000 1.0000 1.0000 1.0000
0.0000
