-0.0098
0.9976 0.5609 0.5566 0.5609 0.9976
121.0 10.0 88.0 218.0 288.0 86.0
1.0000 1.0000 1.0000 1.0000 1.0000 1.0000
0.0000
-0.0106
0.4653 0.4903 0.5192 0.4903 0.4653
179.0 263.5 308.0 78.0 168.0 231.0
1.0000 1.0000 1.0000 1.0000 1.0000 1.0000
0.0000
-0.0106
0.4653 0.4903 0.5192 0.4903 0.4653
179.0 263.5 308.0 78.0 168.0 231.0
1.0000 1.0000 1.0000 1.0000 1.0000 1.0000
0.0000
-0.0106
0.4653 0.4903 0.5192 0.4903 0.4653
179.0 263.5 308.0 78.0 168.0 231.0
1.0000 1.0000 1.0000 1.0000 1.0000 1.0000
0.0000
-0.0108
0.4653 0.4903 0.5192 0.4903 0.4653
179.0 263.5 311.0 78.0 168.0 231.0
1.0000 1.0000 1.0000 1.0000 1.0000 1.0000
0.0000
-0.0108
0.4653 0.4903 0.5192 0.4903 0.4653
179.0 263.5 311.0 78.0 168.0 231.0
1.0000 1.0000 1.0000 1.0000 1.0000 1.0000
0.0000
-0.0108
0.4653 0.4903 0.5192 0.4903 0.4653
179.0 263.5 311.0 78.0 168.0 231.0
1.0000 1.0000 1.0000 1.0000 1.0000 1.0000
0.0000
-0.0104
0.4302 0.5227 0.4973 0.5227 0.4302
128.4 188.8 322.2 34.0 152.9 175.1
1.0000 1.0000 1.0000 1.0000 1.0000 1.0000
0.0000
-0.0104
0.4302 0.5227 0.4973 0.5227 0.4302
128.4 188.8 322.2 34.0 152.9 175.1
1.0000 1.0000 1.0000 1.0000 1.0000 1.0000
0.0000
-0.0100
0.3988 0.5582 0.4626 0.5582 0.3988
181.0 207.4 347.0 80.8 166.1 220.5
1.0000 1.0000 1.0000 1.0000 1.0000 1.0000
0.0000
-0.0119
0.5714 0.5687 0.5611 0.5687 0.5714
101.1 176.3 260.9 70.0 115.2 230.9
1.0000 1.0000 1.0000 1.0000 1.0000 1.0000
0.0000
-0.0119
0.5714 0.5687 0.5611 0.5687 0.5714
101.1 176.3 260.9 70.0 115.2 230.9
1.0000 1.0000 1.0000 1.0000 1.0000 1.0000
0.0000
-0.0119
0.5714 0.5687 0.5611 0.5687 0.5714
101.1 176.3 260.9 70.0 115.2 230.9
1.0000 1.0000 1.0000 1.0000 1.0000 1.0000
0.0000
-0.0119
0.5714 0.5687 0.5611 0.5687 0.5714
101.1 176.3 260.9 70.0 115.2 230.9
1.0000 1.0000 1.0000 1.0000 1.0000 1.0000
0.0000
-0.0119
0.5714 0.5687 0.5611 0.5687 0.5714
101.1 176.3 260.9 70.0 115.2 230.9
1.0000 1.0000 1.0000 1.0000 1.0000 1.0000
0.0000
-0.0119
0.5714 0.5687 0.5611 0.5687 0.5714
101.1 176.3 260.9 70.0 115.2 230.9
1.0000 1.0000 1.0000 1.0000 1.0000 1.0000
0.0000
-0.0119
0.5714 0.5687 0.5611 0.5687 0.5714
101.1 176.3 260.9 70.0 115.2 230.9
1.0000 1.0000 1.0000 1.0000 1.0000 1.0000
0.0000
-0.0105
0.4333 0.4693 0.5606 0.4693 0.4333
139.8 214.4 300.2 52.0 151.2 198.8
1.0000 1.0000 1.0000 1.0000 1.0000 1.0000
0.0000
-0.0105
0.4333 0.4693 0.5606 0.4693 0.4333
139.8 214.4 300.2 52.0 151.2 198.8
1.0000 1.0000 1.0000 1.0000 1.0000 1.0000
0.0000
-0.0105
0.4333 0.4693 0.5606 0.4693 0.4333
139.8 214.4 300.2 52.0 151.2 198.8
1.0000 1.0000 1.0000 1.0000 1.0000 1.0000
0.0000
-0.0105
0.4333 0.4693 0.5606 0.4693 0.4333
139.8 214.4 300.2 52.0 151.2 198.8
1.0000 1.0000 1.0000 1.0000 1.0000 1.0000
0.0000
-0.0102
0.4859 0.5109 0.5312 0.5109 0.4859
132.2 214.0 313.5 85.3 137.0 191.8
1.0000 1.0000 1.0000 1.0000 1.0000 1.0000
0.0000
