-1.6038
0.3097 0.3861 0.4007 0.3861 0.3097
75.0 106.0 204.0 185.0 306.0 58.0
1.0000 1.0000 1.0000 1.0000 1.0000 1.0000
0.0000
-1.6038
0.3097 0.3861 0.4007 0.3861 0.3097
75.0 106.0 204.0 185.0 306.0 58.0
1.0000 1.0000 1.0000 1.0000 1.0000 1.0000
0.0000
-1.6038
0.3097 0.3861 0.4007 0.3861 0.3097
75.0 106.0 204.0 185.0 306.0 58.0
1.0000 1.0000 1.0000 1.0000 1.0000 1.0000
0.0000
-1.6038
0.3097 0.3861 0.4007 0.3861 0.3097
75.0 106.0 204.0 185.0 306.0 58.0
1.0000 1.0000 1.0000 1.0000 1.0000 1.0000
0.0000
-1.6038
0.3097 0.3861 0.4007 0.3861 0.3097
75.0 106.0 204.0 185.0 306.0 58.0
1.0000 1.0000 1.0000 1.0000 1.0000 1.0000
0.0000
-1.6038
0.3097 0.3861 0.4007 0.3861 0.3097
75.0 106.0 204.0 185.0 306.0 58.0
1.0000 1.0000 1.0000 1.0000 1.0000 1.0000
0.0000
-1.6038
0.3097 0.3861 0.4007 0.3861 0.3097
75.0 106.0 204.0 185.0 306.0 58.0
1.0000 1.0000 1.0000 1.0000 1.0000 1.0000
0.0000
-1.6038
0.3097 0.3861 0.4007 0.3861 0.3097
75.0 106.0 204.0 185.0 306.0 58.0
1.0000 1.0000 1.0000 1.0000 1.0000 1.0000
0.0000
-1.7644
0.3097 0.3861 0.4007 0.3861 0.3097
75.0 106.0 204.0 160.0 306.0 58.0
1.0000 1.0000 1.0000 1.0000 1.0000 1.0000
0.0000
-1.7644
0.3097 0.3861 0.4007 0.3861 0.3097
75.0 106.0 204.0 160.0 306.0 58.0
1.0000 1.0000 1.0000 1.0000 1.0000 1.0000
0.0000
-1.7644
0.3097 0.3861 0.4007 0.3861 0.3097
75.0 106.0 204.0 160.0 306.0 58.0
1.0000 1.0000 1.0000 1.0000 1.0000 1.0000
0.0000
-1.7644
0.3097 0.3861 0.4007 0.3861 0.3097
75.0 106.0 204.0 160.0 306.0 58.0
1.0000 1.0000 1.0000 1.0000 1.0000 1.0000
0.0000
-1.6953
0.5022 0.5082 0.3232 0.5082 0.5022
1.0 106.0 204.0 185.0 306.0 58.0
1.0000 1.0000 1.0000 1.0000 1.0000 1.0000
0.0000
-1.7587
0.4015 0.3103 0.4324 0.3103 0.4015
75.0 162.0 204.0 185.0 306.0 58.0
1.0000 1.0000 1.0000 1.0000 1.0000 1.0000
0.0000
-1.7942
0.5283 0.2875 0.4438 0.2875 0.5283
75.0 106.0 204.0 185.0 306.0 58.0
1.0000 1.0000 1.0000 1.0000 1.0000 1.0000
0.0000
-1.8226
0.4759 0.4266 0.3904 0.4266 0.4759
1.0 106.0 204.0 185.0 306.0 58.0
1.0000 1.0000 1.0000 1.0000 1.0000 1.0000
0.0000
-1.8226
0.4759 0.4266 0.3904 0.4266 0.4759
1.0 106.0 204.0 185.0 306.0 58.0
1.0000 1.0000 1.0000 1.0000 1.0000 1.0000
0.0000
-1.8900
0.4409 0.4369 0.3762 0.4369 0.4409
1.0 106.0 204.0 185.0 306.0 58.0
1.0000 1.0000 1.0000 1.0000 1.0000 1.0000
0.0000
-1.8951
0.4252 0.4416 0.3748 0.4416 0.4252
1.0 106.0 204.0 185.0 306.0 58.0
1.0000 1.0000 1.0000 1.0000 1.0000 1.0000
0.0000
-1.9417
0.5283 0.2875 0.2948 0.2875 0.5283
75.0 106.0 204.0 185.0 306.0 58.0
1.0000 1.0000 1.0000 1.0000 1.0000 1.0000
0.0000
-1.9417
0.5283 0.2875 0.2948 0.2875 0.5283
75.0 106.0 204.0 185.0 306.0 58.0
1.0000 1.0000 1.0000 1.0000 1.0000 1.0000
0.0000
-1.9523
0.5122 0.3431 0.4244 0.3431 0.5122
1.0 106.0 251.0 185.0 306.0 58.0
1.0000 1.0000 1.0000 1.0000 1.0000 1.0000
0.0000
-1.9523
0.5122 0.3431 0.4244 0.3431 0.5122
1.0 106.0 251.0 185.0 306.0 58.0
1.0000 1.0000 1.0000 1.0000 1.0000 1.0000
0.0000
-1.9527
0.5283 0.2875 0.4438 0.2875 0.5283
35.7 106.7 203.7 184.7 305.2 59.1
1.0000 1.0000 1.0000 1.0000 1.0000 1.0000
0.0000
-1.9527
0.5283 0.2875 0.4438 0.2875 0.5283
35.7 106.7 203.7 184.7 305.2 59.1
1.0000 1.0000 1.0000 1.0000 1.0000 1.0000
0.0000
-1.9763
0.5797 0.3186 0.4198 0.3186 0.5797
1.0 106.0 251.0 185.0 306.0 58.0
1.0000 1.0000 1.0000 1.0000 1.0000 1.0000
0.0000
-1.9763
0.5797 0.3186 0.4198 0.3186 0.5797
1.0 106.0 251.0 185.0 306.0 58.0
1.0000 1.0000 1.0000 1.0000 1.0000 1.0000
0.0000
-1.9763
0.5797 0.3186 0.4198 0.3186 0.5797
1.0 106.0 251.0 185.0 306.0 58.0
1.0000 1.0000 1.0000 1.0000 1.0000 1.0000
0.0000
-1.9763
0.5797 0.3186 0.4198 0.3186 0.5797
1.0 106.0 251.0 185.0 306.0 58.0
1.0000 1.0000 1.0000 1.0000 1.0000 1.0000
0.0000
-1.9763
0.5797 0.3186 0.4198 0.3186 0.5797
1.0 106.0 251.0 185.0 306.0 58.0
1.0000 1.0000 1.0000 1.0000 1.0000 1.0000
0.0000
-2.0148
0.5610 0.2799 0.4442 0.2799 0.5610
32.5 107.1 203.6 192.4 305.1 58.9
1.0000 1.0000 1.0000 1.0000 1.0000 1.0000
0.0000
-2.0148
0.5610 0.2799 0.4442 0.2799 0.5610
32.5 107.1 203.6 192.4 305.1 58.9
1.0000 1.0000 1.0000 1.0000 1.0000 1.0000
0.0000
-2.0148
0.5610 0.2799 0.4442 0.2799 0.5610
32.5 107.1 203.6 192.4 305.1 58.9
1.0000 1.0000 1.0000 1.0000 1.0000 1.0000
0.0000
-2.0148
0.5610 0.2799 0.4442 0.2799 0.5610
32.5 107.1 203.6 192.4 305.1 58.9
1.0000 1.0000 1.0000 1.0000 1.0000 1.0000
0.0000
-1.9850
0.5488 0.3005 0.4321 0.3005 0.5488
25.0 105.3 209.8 165.7 305.4 58.6
1.0000 1.0000 1.0000 1.0000 1.0000 1.0000
0.0000
-1.9850
0.5488 0.3005 0.4321 0.3005 0.5488
25.0 105.3 209.8 165.7 305.4 58.6
1.0000 1.0000 1.0000 1.0000 1.0000 1.0000
0.0000
-1.9944
0.5488 0.3005 0.4321 0.3005 0.5488
19.0 105.5 215.1 170.5 305.6 58.4
1.0000 1.0000 1.0000 1.0000 1.0000 1.0000
0.0000
-1.9944
0.5488 0.3005 0.4321 0.3005 0.5488
19.0 105.5 215.1 170.5 305.6 58.4
1.0000 1.0000 1.0000 1.0000 1.0000 1.0000
0.0000
-1.9955
0.5566 0.3072 0.4274 0.3072 0.5566
38.0 96.8 206.4 181.3 305.0 59.0
1.0000 1.0000 1.0000 1.0000 1.0000 1.0000
0.0000
-1.9986
0.5670 0.3124 0.4239 0.3124 0.5670
37.3 92.1 207.2 177.2 304.9 59.0
1.0000 1.0000 1.0000 1.0000 1.0000 1.0000
0.0000
-1.9986
0.5670 0.3124 0.4239 0.3124 0.5670
37.3 92.1 207.2 177.2 304.9 59.0
1.0000 1.0000 1.0000 1.0000 1.0000 1.0000
0.0000
-2.0026
0.5607 0.3093 0.4260 0.3093 0.5607
36.4 97.9 206.5 177.8 304.9 58.9
1.0000 1.0000 1.0000 1.0000 1.0000 1.0000
0.0000
-2.0026
0.5607 0.3093 0.4260 0.3093 0.5607
36.4 97.9 206.5 177.8 304.9 58.9
1.0000 1.0000 1.0000 1.0000 1.0000 1.0000
0.0000
-2.0054
0.5629 0.3076 0.4273 0.3076 0.5629
32.4 105.8 204.2 176.6 305.1 58.6
1.0000 1.0000 1.0000 1.0000 1.0000 1.0000
0.0000
-2.0054
0.5629 0.3076 0.4273 0.3076 0.5629
32.4 105.8 204.2 176.6 305.1 58.6
1.0000 1.0000 1.0000 1.0000 1.0000 1.0000
0.0000
-2.0214
0.5512 0.3018 0.2936 0.3018 0.5512
34.0 103.9 205.9 176.4 305.1 58.6
1.0000 1.0000 1.0000 1.0000 1.0000 1.0000
0.0000
-2.0214
0.5512 0.3018 0.2936 0.3018 0.5512
34.0 103.9 205.9 176.4 305.1 58.6
1.0000 1.0000 1.0000 1.0000 1.0000 1.0000
0.0000
-2.0214
0.5512 0.3018 0.2936 0.3018 0.5512
34.0 103.9 205.9 176.4 305.1 58.6
1.0000 1.0000 1.0000 1.0000 1.0000 1.0000
0.0000
-2.0379
0.5579 0.3066 0.3103 0.3066 0.5579
36.4 101.0 206.8 177.0 305.1 58.7
1.0000 1.0000 1.0000 1.0000 1.0000 1.0000
0.0000
-2.0624
0.5629 0.3076 0.2930 0.3076 0.5629
33.6 104.8 205.1 177.2 305.1 58.7
1.0000 1.0000 1.0000 1.0000 1.0000 1.0000
0.0000
