-2.4042
0.9094 0.4136 0.4742 0.4136 0.9094
211.0 70.0 104.0 226.0 263.0 43.0
1.0000 1.0000 1.0000 1.0000 1.0000 1.0000
0.0000
-2.4042
0.9094 0.4136 0.4742 0.4136 0.9094
211.0 70.0 104.0 226.0 263.0 43.0
1.0000 1.0000 1.0000 1.0000 1.0000 1.0000
0.0000
-2.4042
0.9094 0.4136 0.4742 0.4136 0.9094
211.0 70.0 104.0 226.0 263.0 43.0
1.0000 1.0000 1.0000 1.0000 1.0000 1.0000
0.0000
-2.8302
0.7831 0.5068 1.0816 0.5068 0.7831
140.0 225.0 320.0 176.0 270.0 49.0
1.0000 1.0000 1.0000 1.0000 1.0000 1.0000
0.0000
-2.8677
0.3760 1.2062 0.5120 1.2062 0.3760
234.5 338.0 163.3 256.5 147.3 303.0
1.0000 1.0000 1.0000 1.0000 1.0000 1.0000
0.0000
-2.8677
0.3760 1.2062 0.5120 1.2062 0.3760
234.5 338.0 163.3 256.5 147.3 303.0
1.0000 1.0000 1.0000 1.0000 1.0000 1.0000
0.0000
-2.8677
0.3760 1.2062 0.5120 1.2062 0.3760
234.5 338.0 163.3 256.5 147.3 303.0
1.0000 1.0000 1.0000 1.0000 1.0000 1.0000
0.0000
-2.8677
0.3760 1.2062 0.5120 1.2062 0.3760
234.5 338.0 163.3 256.5 147.3 303.0
1.0000 1.0000 1.0000 1.0000 1.0000 1.0000
0.0000
-2.8677
0.3760 1.2062 0.5120 1.2062 0.3760
234.5 338.0 163.3 256.5 147.3 303.0
1.0000 1.0000 1.0000 1.0000 1.0000 1.0000
0.0000
-2.8677
0.3760 1.2062 0.5120 1.2062 0.3760
234.5 338.0 163.3 256.5 147.3 303.0
1.0000 1.0000 1.0000 1.0000 1.0000 1.0000
0.0000
-2.8677
0.3760 1.2062 0.5120 1.2062 0.3760
234.5 338.0 163.3 256.5 147.3 303.0
1.0000 1.0000 1.0000 1.0000 1.0000 1.0000
0.0000
-2.8097
1.0589 0.4721 1.2425 0.4721 1.0589
27.0 232.7 322.1 164.0 253.6 73.3
1.0000 1.0000 1.0000 1.0000 1.0000 1.0000
0.0000
-2.8153
0.7912 0.5068 1.0816 0.5068 0.7912
140.0 225.0 320.0 176.0 270.0 49.0
1.0000 1.0000 1.0000 1.0000 1.0000 1.0000
0.0000
-2.8675
0.6268 0.4924 1.0533 0.4924 0.6268
140.0 225.0 320.0 176.0 270.0 49.0
1.0000 1.0000 1.0000 1.0000 1.0000 1.0000
0.0000
-2.9573
1.0987 0.5308 0.8851 0.5308 1.0987
27.0 232.7 322.1 164.0 253.6 73.3
1.0000 1.0000 1.0000 1.0000 1.0000 1.0000
0.0000
-2.9573
1.0987 0.5308 0.8851 0.5308 1.0987
27.0 232.7 322.1 164.0 253.6 73.3
1.0000 1.0000 1.0000 1.0000 1.0000 1.0000
0.0000
-3.0087
1.0987 0.5308 0.8851 0.5308 1.0987
60.3 231.3 321.6 91.5 253.1 75.5
1.0000 1.0000 1.0000 1.0000 1.0000 1.0000
0.0000
-3.0087
1.0987 0.5308 0.8851 0.5308 1.0987
60.3 231.3 321.6 91.5 253.1 75.5
1.0000 1.0000 1.0000 1.0000 1.0000 1.0000
0.0000
-3.0369
0.5191 0.5137 1.0225 0.5137 0.5191
140.0 225.0 320.0 176.0 270.0 49.0
1.0000 1.0000 1.0000 1.0000 1.0000 1.0000
0.0000
