-2.5515
1.1943 0.1985 0.2193 0.1985 1.1943
344.0 134.0 121.0 237.0 291.0 159.0
1.0000 1.0000 1.0000 1.0000 1.0000 1.0000
0.0000
-2.5515
1.1943 0.1985 0.2193 0.1985 1.1943
344.0 134.0 121.0 237.0 291.0 159.0
1.0000 1.0000 1.0000 1.0000 1.0000 1.0000
0.0000
-2.6319
1.0665 1.2020 1.4011 1.2020 1.0665
194.0 6.0 247.0 157.0 74.0 246.0
1.0000 1.0000 1.0000 1.0000 1.0000 1.0000
0.0000
-2.8092
0.4364 1.1293 1.6378 1.1293 0.4364
327.5 82.0 277.0 242.5 117.5 151.0
1.0000 1.0000 1.0000 1.0000 1.0000 1.0000
0.0000
-2.8092
0.4364 1.1293 1.6378 1.1293 0.4364
327.5 82.0 277.0 242.5 117.5 151.0
1.0000 1.0000 1.0000 1.0000 1.0000 1.0000
0.0000
-2.8092
0.4364 1.1293 1.6378 1.1293 0.4364
327.5 82.0 277.0 242.5 117.5 151.0
1.0000 1.0000 1.0000 1.0000 1.0000 1.0000
0.0000
-2.8092
0.4364 1.1293 1.6378 1.1293 0.4364
327.5 82.0 277.0 242.5 117.5 151.0
1.0000 1.0000 1.0000 1.0000 1.0000 1.0000
0.0000
-2.8620
0.6714 1.2008 0.4699 1.2008 0.6714
139.6 286.6 110.2 163.7 94.0 209.1
1.0000 1.0000 1.6458 1.0000 1.0000 1.0000
0.0000
-2.8620
0.6714 1.2008 0.4699 1.2008 0.6714
139.6 286.6 110.2 163.7 94.0 209.1
1.0000 1.0000 1.6458 1.0000 1.0000 1.0000
0.0000
-2.8591
0.6714 1.2008 0.4699 1.2008 0.6714
139.6 286.6 110.2 163.7 94.0 209.1
1.0000 1.0000 1.3229 1.0000 1.0000 1.0000
0.0000
-2.8627
0.6714 1.2008 0.4699 1.2008 0.6714
139.6 286.6 110.2 163.7 94.0 209.1
1.0000 1.0000 1.1615 1.0000 1.0000 1.0000
0.0000
-2.8627
0.6714 1.2008 0.4699 1.2008 0.6714
139.6 286.6 110.2 163.7 94.0 209.1
1.0000 1.0000 1.1615 1.0000 1.0000 1.0000
0.0000
-3.0089
0.5902 1.1108 0.7034 1.1108 0.5902
150.3 247.8 96.6 207.3 116.5 254.5
1.0000 1.0000 1.0000 1.0000 1.0000 1.0000
0.0000
-3.0089
0.5902 1.1108 0.7034 1.1108 0.5902
150.3 247.8 96.6 207.3 116.5 254.5
1.0000 1.0000 1.0000 1.0000 1.0000 1.0000
0.0000
-3.0313
1.2407 0.3979 1.1042 0.3979 1.2407
69.1 194.4 294.6 127.3 265.9 154.6
1.0252 1.5139 1.2581 2.2667 1.0081 1.0000
0.0000
-3.0607
0.5902 1.1108 0.7034 1.1108 0.5902
150.3 247.8 96.6 207.3 116.5 254.5
1.2518 1.1117 1.3633 1.1469 0.9845 1.0000
0.0000
-3.0834
0.5902 1.1108 0.7034 1.1108 0.5902
150.3 247.8 96.6 207.3 116.5 254.5
2.1481 2.2435 1.0951 2.1769 2.1598 1.0000
0.0000
-3.0834
0.5902 1.1108 0.7034 1.1108 0.5902
150.3 247.8 96.6 207.3 116.5 254.5
2.1481 2.2435 1.0951 2.1769 2.1598 1.0000
0.0000
-3.0834
0.5902 1.1108 0.7034 1.1108 0.5902
150.3 247.8 96.6 207.3 116.5 254.5
2.1481 2.2435 1.0951 2.1769 2.1598 1.0000
0.0000
-3.0949
0.6178 1.0960 0.8030 1.0960 0.6178
161.8 252.4 115.3 257.7 121.4 240.6
1.0000 1.0000 1.0000 1.0000 1.0000 1.0000
0.0000
-3.1653
0.5958 1.1516 0.7101 1.1516 0.5958
161.8 252.4 115.3 202.2 121.4 240.6
2.2251 1.6625 1.9353 1.6832 1.6400 1.0000
0.0000
-3.1653
0.5958 1.1516 0.7101 1.1516 0.5958
161.8 252.4 115.3 202.2 121.4 240.6
2.2251 1.6625 1.9353 1.6832 1.6400 1.0000
0.0000
-3.2105
0.6302 1.1989 0.6009 1.1989 0.6302
179.9 266.2 150.4 223.9 119.0 259.1
1.2926 1.0230 1.1466 1.2121 1.2643 1.0000
0.0000
-3.3180
0.6308 1.1558 0.5867 1.1558 0.6308
141.2 268.9 120.7 217.1 113.3 222.4
2.1481 2.2435 1.0951 2.1769 2.1598 1.0000
0.0000
-3.3250
0.6244 1.1636 0.6225 1.1636 0.6244
149.9 278.0 110.3 216.3 116.8 216.4
1.6975 1.3796 1.1100 1.3465 1.2202 1.0000
0.0000
-3.3642
0.6308 1.1558 0.5867 1.1558 0.6308
141.2 268.9 120.7 217.1 113.3 222.4
1.7843 1.7216 1.2015 1.6597 1.6609 1.0000
0.0000
-3.3642
0.6308 1.1558 0.5867 1.1558 0.6308
141.2 268.9 120.7 217.1 113.3 222.4
1.7843 1.7216 1.2015 1.6597 1.6609 1.0000
0.0000
-3.3818
0.5902 1.1108 0.7034 1.1108 0.5902
176.1 272.7 118.3 217.1 119.8 244.0
1.3861 1.3526 1.3928 1.2297 1.3991 1.0000
0.0000
-3.3818
0.5902 1.1108 0.7034 1.1108 0.5902
176.1 272.7 118.3 217.1 119.8 244.0
1.3861 1.3526 1.3928 1.2297 1.3991 1.0000
0.0000
-3.4192
0.6244 1.1636 0.6225 1.1636 0.6244
157.5 277.6 112.0 212.9 119.9 229.8
1.7234 1.4451 1.2207 1.7305 1.2979 1.0000
0.0000
-3.4192
0.6244 1.1636 0.6225 1.1636 0.6244
157.5 277.6 112.0 212.9 119.9 229.8
1.7234 1.4451 1.2207 1.7305 1.2979 1.0000
0.0000
-3.4192
0.6244 1.1636 0.6225 1.1636 0.6244
157.5 277.6 112.0 212.9 119.9 229.8
1.7234 1.4451 1.2207 1.7305 1.2979 1.0000
0.0000
-3.4192
0.6244 1.1636 0.6225 1.1636 0.6244
157.5 277.6 112.0 212.9 119.9 229.8
1.7234 1.4451 1.2207 1.7305 1.2979 1.0000
0.0000
-3.4192
0.6244 1.1636 0.6225 1.1636 0.6244
157.5 277.6 112.0 212.9 119.9 229.8
1.7234 1.4451 1.2207 1.7305 1.2979 1.0000
0.0000
-3.4194
0.5869 1.1186 0.7086 1.1186 0.5869
177.6 268.1 120.5 217.2 119.0 239.8
1.3861 1.3526 1.3928 1.2297 1.3991 1.0000
0.0000
-3.4194
0.5869 1.1186 0.7086 1.1186 0.5869
177.6 268.1 120.5 217.2 119.0 239.8
1.3861 1.3526 1.3928 1.2297 1.3991 1.0000
0.0000
-3.4194
0.5869 1.1186 0.7086 1.1186 0.5869
177.6 268.1 120.5 217.2 119.0 239.8
1.3861 1.3526 1.3928 1.2297 1.3991 1.0000
0.0000
-3.4208
0.6139 1.1675 0.6207 1.1675 0.6139
156.4 277.4 110.3 217.2 118.4 240.1
1.7949 1.5518 1.3972 1.6501 1.4762 1.0000
0.0000
-3.4341
0.6223 1.1542 0.6048 1.1542 0.6223
141.2 268.9 120.7 217.1 113.3 222.4
1.9662 1.9825 1.1483 1.9183 1.9103 1.0000
0.0000
-3.4378
0.6269 1.1806 0.6055 1.1806 0.6269
155.7 273.1 112.1 215.6 117.7 232.4
1.7949 1.5518 1.3972 1.6501 1.4762 1.0000
0.0000
-3.4566
0.6342 1.1707 0.5947 1.1707 0.6342
141.2 268.9 120.7 217.1 113.3 222.4
1.8313 1.7784 1.2039 1.7691 1.6780 1.0000
0.0000
-3.4566
0.6342 1.1707 0.5947 1.1707 0.6342
141.2 268.9 120.7 217.1 113.3 222.4
1.8313 1.7784 1.2039 1.7691 1.6780 1.0000
0.0000
-3.4458
0.6269 1.1806 0.6055 1.1806 0.6269
156.6 275.3 112.1 214.3 118.8 231.1
1.7949 1.5518 1.3972 1.6501 1.4762 1.0000
0.0000
-3.4883
0.6301 1.1643 0.6065 1.1643 0.6301
148.2 266.1 117.9 218.5 115.6 229.0
1.8313 1.7784 0.8768 1.7691 1.6780 1.0000
0.0000
-3.4883
0.6301 1.1643 0.6065 1.1643 0.6301
148.2 266.1 117.9 218.5 115.6 229.0
1.8313 1.7784 0.8768 1.7691 1.6780 1.0000
0.0000
-3.4883
0.6301 1.1643 0.6065 1.1643 0.6301
148.2 266.1 117.9 218.5 115.6 229.0
1.8313 1.7784 0.8768 1.7691 1.6780 1.0000
0.0000
-3.4883
0.6301 1.1643 0.6065 1.1643 0.6301
148.2 266.1 117.9 218.5 115.6 229.0
1.8313 1.7784 0.8768 1.7691 1.6780 1.0000
0.0000
-3.4883
0.6301 1.1643 0.6065 1.1643 0.6301
148.2 266.1 117.9 218.5 115.6 229.0
1.8313 1.7784 0.8768 1.7691 1.6780 1.0000
0.0000
-3.4883
0.6301 1.1643 0.6065 1.1643 0.6301
148.2 266.1 117.9 218.5 115.6 229.0
1.8313 1.7784 0.8768 1.7691 1.6780 1.0000
0.0000
-3.4883
0.6301 1.1643 0.6065 1.1643 0.6301
148.2 266.1 117.9 218.5 115.6 229.0
1.8313 1.7784 0.8768 1.7691 1.6780 1.0000
0.0000
-3.4883
0.6301 1.1643 0.6065 1.1643 0.6301
148.2 266.1 117.9 218.5 115.6 229.0
1.8313 1.7784 0.8768 1.7691 1.6780 1.0000
0.0000
-3.4883
0.6301 1.1643 0.6065 1.1643 0.6301
148.2 266.1 117.9 218.5 115.6 229.0
1.8313 1.7784 0.8768 1.7691 1.6780 1.0000
0.0000
-3.4766
0.6301 1.1643 0.6065 1.1643 0.6301
150.4 267.3 116.8 217.9 116.1 230.3
1.8313 1.7784 0.8768 1.7691 1.6780 1.0000
0.0000
-3.4933
0.6270 1.1669 0.6091 1.1669 0.6270
151.0 268.3 116.9 217.9 115.7 230.3
1.8313 1.7784 0.8768 1.7691 1.6780 1.0000
0.0000
-3.4967
0.6291 1.1669 0.6078 1.1669 0.6291
150.4 267.3 116.8 217.9 116.1 230.3
1.8313 1.7784 0.8768 1.7691 1.6780 1.0000
0.0000
-3.5039
0.6281 1.1696 0.6085 1.1696 0.6281
150.4 267.3 116.8 217.9 116.1 230.3
1.8313 1.7784 0.8768 1.7691 1.6780 1.0000
0.0000
-3.5183
0.6286 1.1686 0.6104 1.1686 0.6286
152.5 268.5 115.7 217.3 116.5 231.5
1.7489 1.6993 1.0885 2.4890 1.5695 1.0000
0.0000
-3.5199
0.6132 1.1701 0.6090 1.1701 0.6132
153.7 269.3 116.3 217.5 115.2 231.5
1.7489 1.6993 1.0885 2.4890 1.5695 1.0000
0.0000
-3.5302
0.6130 1.1691 0.6117 1.1691 0.6130
153.7 269.3 116.3 217.5 115.2 231.5
1.7489 1.6993 1.0885 2.4890 1.5695 1.0000
0.0000
-3.5306
0.6246 1.1694 0.6109 1.1694 0.6246
152.5 268.5 115.7 217.3 116.5 231.5
1.7489 1.6993 1.0885 2.4890 1.5695 1.0000
0.0000
-3.5306
0.6246 1.1694 0.6109 1.1694 0.6246
152.5 268.5 115.7 217.3 116.5 231.5
1.7489 1.6993 1.0885 2.4890 1.5695 1.0000
0.0000
-3.5858
0.6246 1.1694 0.6109 1.1694 0.6246
154.5 269.8 114.7 222.5 116.3 230.8
1.7489 1.6993 1.0885 2.4890 1.5695 1.0000
0.0000
-3.5885
0.6188 1.1692 0.6113 1.1692 0.6188
154.5 269.8 114.7 222.5 116.3 230.8
1.7489 1.6993 1.0885 2.4890 1.5695 1.0000
0.0000
-3.5885
0.6188 1.1692 0.6113 1.1692 0.6188
154.5 269.8 114.7 222.5 116.3 230.8
1.7489 1.6993 1.0885 2.4890 1.5695 1.0000
0.0000
-3.5709
0.6246 1.1694 0.6109 1.1694 0.6246
154.1 269.5 115.5 220.0 115.8 231.1
1.7901 1.7388 0.9826 2.1291 1.6237 1.0000
0.0000
-3.5906
0.6259 1.1700 0.6102 1.1700 0.6259
154.3 270.4 114.8 216.5 116.3 231.3
1.7440 1.6785 1.1122 2.3050 1.8218 1.0000
0.0000
-3.5906
0.6259 1.1700 0.6102 1.1700 0.6259
154.3 270.4 114.8 216.5 116.3 231.3
1.7440 1.6785 1.1122 2.3050 1.8218 1.0000
0.0000
-3.5939
0.6259 1.1700 0.6102 1.1700 0.6259
155.1 270.7 114.3 216.6 117.7 231.8
1.7440 1.6785 1.1122 2.3050 1.8218 1.0000
0.0000
-3.5939
0.6259 1.1700 0.6102 1.1700 0.6259
155.1 270.7 114.3 216.6 117.7 231.8
1.7440 1.6785 1.1122 2.3050 1.8218 1.0000
0.0000
-3.5939
0.6259 1.1700 0.6102 1.1700 0.6259
155.1 270.7 114.3 216.6 117.7 231.8
1.7440 1.6785 1.1122 2.3050 1.8218 1.0000
0.0000
-3.6067
0.6277 1.1703 0.6090 1.1703 0.6277
154.8 270.5 114.4 219.5 116.7 231.5
1.7396 1.6617 1.1260 2.2409 1.7439 1.0000
0.0000
-3.6067
0.6277 1.1703 0.6090 1.1703 0.6277
154.8 270.5 114.4 219.5 116.7 231.5
1.7396 1.6617 1.1260 2.2409 1.7439 1.0000
0.0000
-3.6067
0.6277 1.1703 0.6090 1.1703 0.6277
154.8 270.5 114.4 219.5 116.7 231.5
1.7396 1.6617 1.1260 2.2409 1.7439 1.0000
0.0000
-3.6067
0.6262 1.1698 0.6103 1.1698 0.6262
155.1 270.8 114.4 216.6 117.9 231.8
1.7476 1.6765 1.1041 2.3061 1.7599 1.0000
0.0000
-3.6097
0.6228 1.1695 0.6100 1.1695 0.6228
155.0 270.7 114.9 216.7 117.0 231.6
1.7340 1.6592 1.1440 2.3374 1.7668 1.0000
0.0000
-3.6170
0.6258 1.1697 0.6098 1.1697 0.6258
154.8 270.7 114.0 216.6 116.9 231.7
1.7393 1.6698 1.1298 2.3223 1.7449 1.0000
0.0000
-3.6170
0.6258 1.1697 0.6098 1.1697 0.6258
154.8 270.7 114.0 216.6 116.9 231.7
1.7393 1.6698 1.1298 2.3223 1.7449 1.0000
0.0000
-3.6170
0.6258 1.1697 0.6098 1.1697 0.6258
154.8 270.7 114.0 216.6 116.9 231.7
1.7393 1.6698 1.1298 2.3223 1.7449 1.0000
0.0000
-3.6170
0.6258 1.1697 0.6098 1.1697 0.6258
154.8 270.7 114.0 216.6 116.9 231.7
1.7393 1.6698 1.1298 2.3223 1.7449 1.0000
0.0000
-3.6178
0.6251 1.1695 0.6100 1.1695 0.6251
155.1 270.7 114.2 216.7 117.1 231.6
1.7385 1.6670 1.1293 2.3437 1.7453 1.0000
0.0000
-3.6178
0.6251 1.1695 0.6100 1.1695 0.6251
155.1 270.7 114.2 216.7 117.1 231.6
1.7385 1.6670 1.1293 2.3437 1.7453 1.0000
0.0000
-3.6179
0.6258 1.1698 0.6095 1.1698 0.6258
155.0 270.6 114.6 216.8 116.0 231.7
1.7456 1.6822 1.1037 2.3139 1.7202 1.0000
0.0000
-3.6230
0.6264 1.1699 0.6098 1.1699 0.6264
155.0 270.6 114.0 217.0 116.9 231.7
1.7417 1.6749 1.1212 2.3250 1.7492 1.0000
0.0000
-3.6230
0.6264 1.1699 0.6098 1.1699 0.6264
155.0 270.6 114.0 217.0 116.9 231.7
1.7417 1.6749 1.1212 2.3250 1.7492 1.0000
0.0000
-3.6230
0.6264 1.1699 0.6098 1.1699 0.6264
155.0 270.6 114.0 217.0 116.9 231.7
1.7417 1.6749 1.1212 2.3250 1.7492 1.0000
0.0000
-3.6230
0.6264 1.1699 0.6098 1.1699 0.6264
155.0 270.6 114.0 217.0 116.9 231.7
1.7417 1.6749 1.1212 2.3250 1.7492 1.0000
0.0000
-3.6200
0.6259 1.1702 0.6077 1.1702 0.6259
155.0 268.9 114.3 217.8 117.2 231.6
1.7361 1.6620 1.1376 2.3230 1.7496 1.0000
0.0000
-3.6200
0.6259 1.1702 0.6077 1.1702 0.6259
155.0 268.9 114.3 217.8 117.2 231.6
1.7361 1.6620 1.1376 2.3230 1.7496 1.0000
0.0000
-3.6257
0.6259 1.1702 0.6077 1.1702 0.6259
155.0 268.9 114.3 217.8 117.2 231.6
1.7371 1.6638 1.1336 2.3295 1.7516 1.0000
0.0000
-3.6257
0.6259 1.1702 0.6077 1.1702 0.6259
155.0 268.9 114.3 217.8 117.2 231.6
1.7371 1.6638 1.1336 2.3295 1.7516 1.0000
0.0000
-3.6196
0.6259 1.1699 0.6089 1.1699 0.6259
155.0 268.9 114.3 217.8 117.2 231.6
1.7371 1.6638 1.1336 2.3295 1.7516 1.0000
0.0000
-3.6196
0.6259 1.1699 0.6089 1.1699 0.6259
155.0 268.9 114.3 217.8 117.2 231.6
1.7371 1.6638 1.1336 2.3295 1.7516 1.0000
0.0000
-3.6202
0.6260 1.1697 0.6097 1.1697 0.6260
155.0 270.5 114.5 217.1 116.6 231.7
1.7366 1.6631 1.1368 2.3179 1.7574 1.0000
0.0000
-3.6204
0.6259 1.1699 0.6089 1.1699 0.6259
155.0 268.9 114.3 217.8 117.2 231.6
1.7373 1.6635 1.1326 2.3245 1.7481 1.0000
0.0000
-3.6213
0.6259 1.1699 0.6089 1.1699 0.6259
155.0 268.9 114.3 217.8 117.2 231.6
1.7368 1.6642 1.1345 2.3254 1.7444 1.0000
0.0000
-3.6213
0.6259 1.1699 0.6089 1.1699 0.6259
155.0 268.9 114.3 217.8 117.2 231.6
1.7368 1.6642 1.1345 2.3254 1.7444 1.0000
0.0000
-3.6213
0.6259 1.1699 0.6089 1.1699 0.6259
155.0 268.9 114.3 217.8 117.2 231.6
1.7368 1.6642 1.1345 2.3254 1.7444 1.0000
0.0000
-3.6223
0.6259 1.1699 0.6089 1.1699 0.6259
155.0 268.9 114.3 217.8 117.2 231.6
1.7355 1.6598 1.1390 2.3271 1.7458 1.0000
0.0000
-3.6223
0.6259 1.1699 0.6089 1.1699 0.6259
155.0 268.9 114.3 217.8 117.2 231.6
1.7355 1.6598 1.1390 2.3271 1.7458 1.0000
0.0000
-3.6223
0.6259 1.1699 0.6089 1.1699 0.6259
155.0 268.9 114.3 217.8 117.2 231.6
1.7355 1.6598 1.1390 2.3271 1.7458 1.0000
0.0000
