-7.5480
0.3936 0.7146 0.5796 0.7146 0.3936
249.0 354.0 37.0 235.0 168.0 126.0
1.0000 1.0000 1.0000 1.0000 1.0000 1.0000
0.0000
-8.6211
0.1709 0.2540 0.1922 0.2540 0.1709
252.0 7.0 88.0 150.0 325.0 323.0
1.0000 1.0000 1.0000 1.0000 1.0000 1.0000
0.0000
-8.6211
0.1709 0.2540 0.1922 0.2540 0.1709
252.0 7.0 88.0 150.0 325.0 323.0
1.0000 1.0000 1.0000 1.0000 1.0000 1.0000
0.0000
-8.6211
0.1709 0.2540 0.1922 0.2540 0.1709
252.0 7.0 88.0 150.0 325.0 323.0
1.0000 1.0000 1.0000 1.0000 1.0000 1.0000
0.0000
-8.6211
0.1709 0.2540 0.1922 0.2540 0.1709
252.0 7.0 88.0 150.0 325.0 323.0
1.0000 1.0000 1.0000 1.0000 1.0000 1.0000
0.0000
-0.0023
0.6001 0.9954 0.9255 0.9954 0.6001
341.0 126.0 268.0 47.0 152.0 312.0
1.0000 1.0000 1.0000 1.0000 1.0000 1.0000
0.0000
-0.0040
0.3894 0.7904 0.7092 0.7904 0.3894
174.3 120.0 300.5 119.8 209.3 256.3
1.0000 1.0000 1.0000 1.0000 1.0000 1.0000
0.0000
-0.0040
0.3894 0.7904 0.7092 0.7904 0.3894
174.3 120.0 300.5 119.8 209.3 256.3
1.0000 1.0000 1.0000 1.0000 1.0000 1.0000
0.0000
-0.0040
0.3894 0.7904 0.7092 0.7904 0.3894
174.3 120.0 300.5 119.8 209.3 256.3
1.0000 1.0000 1.0000 1.0000 1.0000 1.0000
0.0000
-6.6127
0.3894 0.7904 0.7092 0.7904 0.3894
174.3 120.0 300.5 119.8 209.3 256.3
1.0000 1.0000 1.0000 1.0000 1.0000 1.0000
0.0000
-6.6533
0.3894 0.7556 0.7092 0.7556 0.3894
174.3 120.0 300.5 119.8 209.3 256.3
1.0000 1.0000 1.0000 1.0000 1.0000 1.0000
0.0000
-6.6533
0.3894 0.7556 0.7092 0.7556 0.3894
174.3 120.0 300.5 119.8 209.3 256.3
1.0000 1.0000 1.0000 1.0000 1.0000 1.0000
0.0000
-6.6533
0.3894 0.7556 0.7092 0.7556 0.3894
174.3 120.0 300.5 119.8 209.3 256.3
1.0000 1.0000 1.0000 1.0000 1.0000 1.0000
0.0000
-6.6533
0.3894 0.7556 0.7092 0.7556 0.3894
174.3 120.0 300.5 119.8 209.3 256.3
1.0000 1.0000 1.0000 1.0000 1.0000 1.0000
0.0000
-6.7911
0.3894 0.7556 0.7092 0.7556 0.3894
142.0 120.0 300.5 119.8 209.3 256.3
1.0000 1.0000 1.0000 1.0000 1.0000 1.0000
0.0000
-1.4018
0.8100 0.2929 0.8626 0.2929 0.8100
138.0 223.0 64.0 84.0 110.0 28.0
1.0000 1.0000 1.0000 1.0000 1.0000 1.0000
0.0000
-2.6865
0.2534 0.5052 0.1299 0.5052 0.2534
307.0 316.0 104.0 324.0 358.0 132.0
1.0000 1.0000 1.0000 1.0000 1.0000 1.0000
0.0000
-0.0068
0.7160 0.4744 0.4339 0.4744 0.7160
251.0 358.0 29.0 109.0 166.0 347.0
1.0000 1.0000 1.0000 1.0000 1.0000 1.0000
0.0000
-0.0068
0.7160 0.4744 0.4339 0.4744 0.7160
251.0 358.0 29.0 109.0 166.0 347.0
1.0000 1.0000 1.0000 1.0000 1.0000 1.0000
0.0000
-0.0068
0.7160 0.4744 0.4339 0.4744 0.7160
251.0 358.0 29.0 109.0 166.0 347.0
1.0000 1.0000 1.0000 1.0000 1.0000 1.0000
0.0000
-0.0068
0.7160 0.4744 0.4339 0.4744 0.7160
251.0 358.0 29.0 109.0 166.0 347.0
1.0000 1.0000 1.0000 1.0000 1.0000 1.0000
0.0000
-8.8316
0.7160 0.4744 0.4339 0.4744 0.7160
251.0 358.0 29.0 109.0 166.0 347.0
1.0000 1.0000 1.0000 1.0000 1.0000 1.0000
0.0000
-8.8316
0.7160 0.4744 0.4339 0.4744 0.7160
251.0 358.0 29.0 109.0 166.0 347.0
1.0000 1.0000 1.0000 1.0000 1.0000 1.0000
0.0000
-8.8316
0.7160 0.4744 0.4339 0.4744 0.7160
251.0 358.0 29.0 109.0 166.0 347.0
1.0000 1.0000 1.0000 1.0000 1.0000 1.0000
0.0000
-8.8233
0.7160 0.4744 0.4265 0.4744 0.7160
251.0 358.0 29.0 109.0 166.0 347.0
1.0000 1.0000 1.0000 1.0000 1.0000 1.0000
0.0000
-9.2559
0.6827 0.4716 0.8797 0.4716 0.6827
238.4 325.8 58.2 114.5 158.4 316.8
1.0000 1.0000 1.0000 1.0000 1.0000 1.0000
0.0000
-9.6455
0.7187 0.4723 0.6512 0.4723 0.7187
241.5 333.8 50.9 113.1 160.3 324.3
1.0000 1.0000 1.0000 1.0000 1.0000 1.0000
0.0000
-0.0056
0.9263 0.0411 0.3711 0.0411 0.9263
172.0 358.0 342.0 84.0 149.0 254.0
1.0000 1.0000 1.0000 1.0000 1.0000 1.0000
0.0000
-0.0056
0.9263 0.0411 0.3711 0.0411 0.9263
172.0 358.0 342.0 84.0 149.0 254.0
1.0000 1.0000 1.0000 1.0000 1.0000 1.0000
0.0000
-0.0066
0.8049 0.5933 0.9526 0.5933 0.8049
281.0 142.0 228.0 22.0 151.0 283.0
1.0000 1.0000 1.0000 1.0000 1.0000 1.0000
0.0000
-0.0066
0.8049 0.5933 0.9526 0.5933 0.8049
281.0 142.0 228.0 22.0 151.0 283.0
1.0000 1.0000 1.0000 1.0000 1.0000 1.0000
0.0000
-7.3683
0.8049 0.5933 0.9526 0.5933 0.8049
281.0 142.0 228.0 22.0 151.0 283.0
1.0000 1.0000 1.0000 1.0000 1.0000 1.0000
0.0000
-7.3683
0.8049 0.5933 0.9526 0.5933 0.8049
281.0 142.0 228.0 22.0 151.0 283.0
1.0000 1.0000 1.0000 1.0000 1.0000 1.0000
0.0000
-7.3686
0.4264 0.5868 0.4629 0.5868 0.4264
197.6 267.1 175.1 194.7 138.7 129.9
1.0000 1.0000 1.0000 1.0000 1.0000 1.0000
0.0000
-7.3797
0.4509 0.6607 0.4914 0.6607 0.4509
202.9 265.5 181.8 193.8 134.8 131.9
1.0000 1.0000 1.0000 1.0000 1.0000 1.0000
0.0000
-7.3874
0.4402 0.4652 0.4784 0.4652 0.4402
196.9 268.4 189.6 203.5 130.3 135.6
1.0000 1.0000 1.0000 1.0000 1.0000 1.0000
0.0000
-7.4201
0.4499 0.5524 0.4089 0.5524 0.4499
205.7 253.9 181.3 193.7 141.2 139.6
1.0000 1.0000 1.0000 1.0000 1.0000 1.0000
0.0000
-0.0056
0.4754 0.1761 0.5152 0.1761 0.4754
191.0 290.0 330.0 127.0 66.0 196.0
1.0000 1.0000 1.0000 1.0000 1.0000 1.0000
0.0000
-0.0056
0.4754 0.1761 0.5152 0.1761 0.4754
191.0 290.0 330.0 127.0 66.0 196.0
1.0000 1.0000 1.0000 1.0000 1.0000 1.0000
0.0000
29.9942
0.2450 0.4383 0.9849 0.4383 0.2450
243.0 293.0 29.0 196.0 328.0 265.0
1.0000 1.0000 1.0000 1.0000 1.0000 1.0000
0.0000
29.9942
0.2450 0.4383 0.9849 0.4383 0.2450
243.0 293.0 29.0 196.0 328.0 265.0
1.0000 1.0000 1.0000 1.0000 1.0000 1.0000
0.0000
29.9942
0.2450 0.4383 0.9849 0.4383 0.2450
243.0 293.0 29.0 196.0 328.0 265.0
1.0000 1.0000 1.0000 1.0000 1.0000 1.0000
0.0000
29.9942
0.2450 0.4383 0.9849 0.4383 0.2450
243.0 293.0 29.0 196.0 328.0 265.0
1.0000 1.0000 1.0000 1.0000 1.0000 1.0000
0.0000
29.9942
0.2450 0.4383 0.9849 0.4383 0.2450
243.0 293.0 29.0 196.0 328.0 265.0
1.0000 1.0000 1.0000 1.0000 1.0000 1.0000
0.0000
29.9942
0.2450 0.4383 0.9849 0.4383 0.2450
243.0 293.0 29.0 196.0 328.0 265.0
1.0000 1.0000 1.0000 1.0000 1.0000 1.0000
0.0000
9.9944
0.2450 0.6062 0.9849 0.6062 0.2450
243.0 293.0 29.0 196.0 328.0 265.0
1.0000 1.0000 1.0000 1.0000 1.0000 1.0000
0.0000
9.9944
0.2450 0.6062 0.9849 0.6062 0.2450
243.0 293.0 29.0 196.0 328.0 265.0
1.0000 1.0000 1.0000 1.0000 1.0000 1.0000
0.0000
59.9949
0.4021 0.4988 0.7186 0.4988 0.4021
194.8 248.4 72.0 180.4 271.5 249.6
1.0000 1.0000 1.0000 1.0000 1.0000 1.0000
0.0000
59.9949
0.4021 0.4988 0.7186 0.4988 0.4021
194.8 248.4 72.0 180.4 271.5 249.6
1.0000 1.0000 1.0000 1.0000 1.0000 1.0000
0.0000
109.1023
0.6886 0.1711 0.4378 0.1711 0.6886
114.0 225.0 317.0 335.0 148.0 209.0
1.0000 1.0000 1.0000 1.0000 1.0000 1.0000
0.0000
109.1023
0.6886 0.1711 0.4378 0.1711 0.6886
114.0 225.0 317.0 335.0 148.0 209.0
1.0000 1.0000 1.0000 1.0000 1.0000 1.0000
0.0000
28.7407
0.6087 0.2676 0.7372 0.2676 0.6087
152.3 220.3 305.8 65.3 185.8 236.0
1.0000 1.0000 1.0000 1.0000 1.0000 1.0000
0.0000
28.7407
0.6087 0.2676 0.7372 0.2676 0.6087
152.3 220.3 305.8 65.3 185.8 236.0
1.0000 1.0000 1.0000 1.0000 1.0000 1.0000
0.0000
28.7407
0.6087 0.2676 0.7372 0.2676 0.6087
152.3 220.3 305.8 65.3 185.8 236.0
1.0000 1.0000 1.0000 1.0000 1.0000 1.0000
0.0000
28.7407
0.6087 0.2676 0.7372 0.2676 0.6087
152.3 220.3 305.8 65.3 185.8 236.0
1.0000 1.0000 1.0000 1.0000 1.0000 1.0000
0.0000
-1.1701
0.6239 0.2894 0.7044 0.2894 0.6239
139.1 228.1 290.8 73.1 179.4 199.3
1.0000 1.0000 1.0000 1.0000 1.0000 1.0000
0.0000
-1.1701
0.6239 0.2894 0.7044 0.2894 0.6239
139.1 228.1 290.8 73.1 179.4 199.3
1.0000 1.0000 1.0000 1.0000 1.0000 1.0000
0.0000
-1.1701
0.6239 0.2894 0.7044 0.2894 0.6239
139.1 228.1 290.8 73.1 179.4 199.3
1.0000 1.0000 1.0000 1.0000 1.0000 1.0000
0.0000
-1.1701
0.6239 0.2894 0.7044 0.2894 0.6239
139.1 228.1 290.8 73.1 179.4 199.3
1.0000 1.0000 1.0000 1.0000 1.0000 1.0000
0.0000
232.1626
0.5615 0.8182 0.6660 0.8182 0.5615
104.0 226.0 218.0 231.0 292.0 232.0
1.0000 1.0000 1.0000 1.0000 1.0000 1.0000
0.0000
232.1626
0.5615 0.8182 0.6660 0.8182 0.5615
104.0 226.0 218.0 231.0 292.0 232.0
1.0000 1.0000 1.0000 1.0000 1.0000 1.0000
0.0000
232.1626
0.5615 0.8182 0.6660 0.8182 0.5615
104.0 226.0 218.0 231.0 292.0 232.0
1.0000 1.0000 1.0000 1.0000 1.0000 1.0000
0.0000
232.1626
0.5615 0.8182 0.6660 0.8182 0.5615
104.0 226.0 218.0 231.0 292.0 232.0
1.0000 1.0000 1.0000 1.0000 1.0000 1.0000
0.0000
232.1626
0.5615 0.8182 0.6660 0.8182 0.5615
104.0 226.0 218.0 231.0 292.0 232.0
1.0000 1.0000 1.0000 1.0000 1.0000 1.0000
0.0000
232.1626
0.5615 0.8182 0.6660 0.8182 0.5615
104.0 226.0 218.0 231.0 292.0 232.0
1.0000 1.0000 1.0000 1.0000 1.0000 1.0000
0.0000
251.8949
0.5268 0.7081 0.5236 0.7081 0.5268
151.0 211.4 203.2 195.0 231.1 209.4
1.0000 1.0000 1.0000 1.0000 1.0000 1.0000
0.0000
251.8949
0.5268 0.7081 0.5236 0.7081 0.5268
151.0 211.4 203.2 195.0 231.1 209.4
1.0000 1.0000 1.0000 1.0000 1.0000 1.0000
0.0000
251.8949
0.5268 0.7081 0.5236 0.7081 0.5268
151.0 211.4 203.2 195.0 231.1 209.4
1.0000 1.0000 1.0000 1.0000 1.0000 1.0000
0.0000
251.8949
0.5268 0.7081 0.5236 0.7081 0.5268
151.0 211.4 203.2 195.0 231.1 209.4
1.0000 1.0000 1.0000 1.0000 1.0000 1.0000
0.0000
197.1577
0.7638 0.9674 0.6256 0.9674 0.7638
152.0 294.0 67.0 195.0 55.0 208.0
1.0000 1.0000 1.0000 1.0000 1.0000 1.0000
0.0000
197.1577
0.7638 0.9674 0.6256 0.9674 0.7638
152.0 294.0 67.0 195.0 55.0 208.0
1.0000 1.0000 1.0000 1.0000 1.0000 1.0000
0.0000
197.1577
0.7638 0.9674 0.6256 0.9674 0.7638
152.0 294.0 67.0 195.0 55.0 208.0
1.0000 1.0000 1.0000 1.0000 1.0000 1.0000
0.0000
197.1577
0.7638 0.9674 0.6256 0.9674 0.7638
152.0 294.0 67.0 195.0 55.0 208.0
1.0000 1.0000 1.0000 1.0000 1.0000 1.0000
0.0000
197.1577
0.7638 0.9674 0.6256 0.9674 0.7638
152.0 294.0 67.0 195.0 55.0 208.0
1.0000 1.0000 1.0000 1.0000 1.0000 1.0000
0.0000
197.1577
0.7638 0.9674 0.6256 0.9674 0.7638
152.0 294.0 67.0 195.0 55.0 208.0
1.0000 1.0000 1.0000 1.0000 1.0000 1.0000
0.0000
197.1577
0.7638 0.9674 0.6256 0.9674 0.7638
152.0 294.0 67.0 195.0 55.0 208.0
1.0000 1.0000 1.0000 1.0000 1.0000 1.0000
0.0000
249.5193
0.5828 0.6406 0.5612 0.6406 0.5828
203.0 216.4 166.4 180.0 203.9 187.3
1.0000 1.0000 1.0000 1.0000 1.0000 1.0000
0.0000
249.5193
0.5828 0.6406 0.5612 0.6406 0.5828
203.0 216.4 166.4 180.0 203.9 187.3
1.0000 1.0000 1.0000 1.0000 1.0000 1.0000
0.0000
259.5479
0.5727 0.6110 0.5417 0.6110 0.5727
195.3 213.3 178.7 180.2 184.1 178.4
1.0000 1.0000 1.0000 1.0000 1.0000 1.0000
0.0000
-0.1417
0.4356 0.4660 0.6858 0.4660 0.4356
0.0 0.0 0.0 0.0 0.0 0.0
1.0000 1.0000 1.0000 1.0000 1.0000 1.0000
0.0000
-0.1621
0.3553 0.3306 0.8764 0.3306 0.3553
0.0 0.0 0.0 0.0 0.0 0.0
1.0000 1.0000 1.0000 1.0000 1.0000 1.0000
0.0000
-0.1935
0.4199 0.6395 0.5928 0.6395 0.4199
0.0 0.0 126.0 305.0 0.0 0.0
1.0000 1.0000 1.0000 1.0000 1.0000 1.0000
0.0000
-0.1935
0.4199 0.6395 0.5928 0.6395 0.4199
0.0 0.0 126.0 305.0 0.0 0.0
1.0000 1.0000 1.0000 1.0000 1.0000 1.0000
0.0000
0.0000
0.3189 0.9778 0.0696 0.9778 0.3189
0.0 0.0 0.0 0.0 0.0 0.0
1.0000 1.0000 1.0000 1.0000 1.0000 1.0000
0.0000
0.0000
0.4682 0.8423 0.2903 0.8423 0.4682
0.0 0.0 0.0 0.0 0.0 0.0
1.0000 1.0000 1.0000 1.0000 1.0000 1.0000
0.0000
-0.1523
0.5614 0.2048 0.9039 0.2048 0.5614
0.0 0.0 0.0 0.0 0.0 0.0
1.0000 1.0000 1.0000 1.0000 1.0000 1.0000
0.0000
50.0000
0.8365 0.9977 0.0994 0.9977 0.8365
0.0 0.0 0.0 0.0 0.0 0.0
1.0000 1.0000 1.0000 1.0000 1.0000 1.0000
0.0000
50.0000
0.8365 0.9977 0.0994 0.9977 0.8365
0.0 0.0 0.0 0.0 0.0 0.0
1.0000 1.0000 1.0000 1.0000 1.0000 1.0000
0.0000
80.0000
0.8016 0.8283 0.4176 0.8283 0.8016
0.0 0.0 0.0 0.0 0.0 0.0
1.0000 1.0000 1.0000 1.0000 1.0000 1.0000
0.0000
80.0000
0.8016 0.8283 0.4176 0.8283 0.8016
0.0 0.0 0.0 0.0 0.0 0.0
1.0000 1.0000 1.0000 1.0000 1.0000 1.0000
0.0000
80.0000
0.8016 0.8283 0.4176 0.8283 0.8016
0.0 0.0 0.0 0.0 0.0 0.0
1.0000 1.0000 1.0000 1.0000 1.0000 1.0000
0.0000
80.0000
0.8016 0.8283 0.4176 0.8283 0.8016
0.0 0.0 0.0 0.0 0.0 0.0
1.0000 1.0000 1.0000 1.0000 1.0000 1.0000
0.0000
80.0000
0.8016 0.8283 0.4176 0.8283 0.8016
0.0 0.0 0.0 0.0 0.0 0.0
1.0000 1.0000 1.0000 1.0000 1.0000 1.0000
0.0000
80.0000
0.8016 0.8283 0.4176 0.8283 0.8016
0.0 0.0 0.0 0.0 0.0 0.0
1.0000 1.0000 1.0000 1.0000 1.0000 1.0000
0.0000
80.0000
0.8016 0.8283 0.4176 0.8283 0.8016
0.0 0.0 0.0 0.0 0.0 0.0
1.0000 1.0000 1.0000 1.0000 1.0000 1.0000
0.0000
80.0000
0.8016 0.8283 0.4176 0.8283 0.8016
0.0 0.0 0.0 0.0 0.0 0.0
1.0000 1.0000 1.0000 1.0000 1.0000 1.0000
0.0000
27.9595
0.8905 0.9375 0.2121 0.9375 0.8905
0.0 0.0 0.0 0.0 0.0 0.0
1.0000 1.0000 1.0000 1.0000 1.0000 1.0000
0.0000
27.9595
0.8905 0.9375 0.2121 0.9375 0.8905
0.0 0.0 0.0 0.0 0.0 0.0
1.0000 1.0000 1.0000 1.0000 1.0000 1.0000
0.0000
65.0366
0.8150 0.8722 0.4290 0.8722 0.8150
0.0 0.0 0.0 0.0 0.0 0.0
1.0000 1.0000 1.0000 1.0000 1.0000 1.0000
0.0000
65.0366
0.8150 0.8722 0.4290 0.8722 0.8150
0.0 0.0 0.0 0.0 0.0 0.0
1.0000 1.0000 1.0000 1.0000 1.0000 1.0000
0.0000
65.0366
0.8150 0.8722 0.4290 0.8722 0.8150
0.0 0.0 0.0 0.0 0.0 0.0
1.0000 1.0000 1.0000 1.0000 1.0000 1.0000
0.0000
65.0366
0.8150 0.8722 0.4290 0.8722 0.8150
0.0 0.0 0.0 0.0 0.0 0.0
1.0000 1.0000 1.0000 1.0000 1.0000 1.0000
0.0000
65.0366
0.8150 0.8722 0.4290 0.8722 0.8150
0.0 0.0 0.0 0.0 0.0 0.0
1.0000 1.0000 1.0000 1.0000 1.0000 1.0000
0.0000
65.0366
0.8150 0.8722 0.4290 0.8722 0.8150
0.0 0.0 0.0 0.0 0.0 0.0
1.0000 1.0000 1.0000 1.0000 1.0000 1.0000
0.0000
93.7756
0.7539 0.8198 0.4998 0.8198 0.7539
0.0 0.0 0.0 0.0 0.0 0.0
1.0000 1.0000 1.0000 1.0000 1.0000 1.0000
0.0000
93.7756
0.7539 0.8198 0.4998 0.8198 0.7539
0.0 0.0 0.0 0.0 0.0 0.0
1.0000 1.0000 1.0000 1.0000 1.0000 1.0000
0.0000
-0.4061
0.9145 0.9427 0.1848 0.9427 0.9145
0.0 0.0 0.0 0.0 0.0 0.0
1.0000 1.0000 1.0000 1.0000 1.0000 1.0000
0.0000
-0.4061
0.9145 0.9427 0.1848 0.9427 0.9145
0.0 0.0 0.0 0.0 0.0 0.0
1.0000 1.0000 1.0000 1.0000 1.0000 1.0000
0.0000
-0.4061
0.9145 0.9427 0.1848 0.9427 0.9145
0.0 0.0 0.0 0.0 0.0 0.0
1.0000 1.0000 1.0000 1.0000 1.0000 1.0000
0.0000
-0.4061
0.9145 0.9427 0.1848 0.9427 0.9145
0.0 0.0 0.0 0.0 0.0 0.0
1.0000 1.0000 1.0000 1.0000 1.0000 1.0000
0.0000
-0.4061
0.9145 0.9427 0.1848 0.9427 0.9145
0.0 0.0 0.0 0.0 0.0 0.0
1.0000 1.0000 1.0000 1.0000 1.0000 1.0000
0.0000
-0.4061
0.9145 0.9427 0.1848 0.9427 0.9145
0.0 0.0 0.0 0.0 0.0 0.0
1.0000 1.0000 1.0000 1.0000 1.0000 1.0000
0.0000
-0.4061
0.9145 0.9427 0.1848 0.9427 0.9145
0.0 0.0 0.0 0.0 0.0 0.0
1.0000 1.0000 1.0000 1.0000 1.0000 1.0000
0.0000
-0.4061
0.9145 0.9427 0.1848 0.9427 0.9145
0.0 0.0 0.0 0.0 0.0 0.0
1.0000 1.0000 1.0000 1.0000 1.0000 1.0000
0.0000
-0.4061
0.9145 0.9427 0.1848 0.9427 0.9145
0.0 0.0 0.0 0.0 0.0 0.0
1.0000 1.0000 1.0000 1.0000 1.0000 1.0000
0.0000
-0.4061
0.9145 0.9427 0.1848 0.9427 0.9145
0.0 0.0 0.0 0.0 0.0 0.0
1.0000 1.0000 1.0000 1.0000 1.0000 1.0000
0.0000
-0.4061
0.9145 0.9427 0.1848 0.9427 0.9145
0.0 0.0 0.0 0.0 0.0 0.0
1.0000 1.0000 1.0000 1.0000 1.0000 1.0000
0.0000
-26.6325
0.5083 0.2436 0.8949 0.2436 0.5083
0.0 0.0 0.0 0.0 0.0 0.0
1.0000 1.0000 1.0000 1.0000 1.0000 1.0000
0.0000
-26.6325
0.5083 0.2436 0.8949 0.2436 0.5083
0.0 0.0 0.0 0.0 0.0 0.0
1.0000 1.0000 1.0000 1.0000 1.0000 1.0000
0.0000
-26.6325
0.5083 0.2436 0.8949 0.2436 0.5083
0.0 0.0 0.0 0.0 0.0 0.0
1.0000 1.0000 1.0000 1.0000 1.0000 1.0000
0.0000
-26.6325
0.5083 0.2436 0.8949 0.2436 0.5083
0.0 0.0 0.0 0.0 0.0 0.0
1.0000 1.0000 1.0000 1.0000 1.0000 1.0000
0.0000
-26.6325
0.5083 0.2436 0.8949 0.2436 0.5083
0.0 0.0 0.0 0.0 0.0 0.0
1.0000 1.0000 1.0000 1.0000 1.0000 1.0000
0.0000
-26.6325
0.5083 0.2436 0.8949 0.2436 0.5083
0.0 0.0 0.0 0.0 0.0 0.0
1.0000 1.0000 1.0000 1.0000 1.0000 1.0000
0.0000
-26.6325
0.5083 0.2436 0.8949 0.2436 0.5083
0.0 0.0 0.0 0.0 0.0 0.0
1.0000 1.0000 1.0000 1.0000 1.0000 1.0000
0.0000
-26.7822
0.4120 0.3712 0.8879 0.3712 0.4120
0.0 0.0 0.0 0.0 0.0 0.0
1.0000 1.0000 1.0000 1.0000 1.0000 1.0000
0.0000
-26.7822
0.4120 0.3712 0.8879 0.3712 0.4120
0.0 0.0 0.0 0.0 0.0 0.0
1.0000 1.0000 1.0000 1.0000 1.0000 1.0000
0.0000
-26.6611
0.4251 0.3538 0.8744 0.3538 0.4251
0.0 0.0 0.0 0.0 0.0 0.0
1.0000 1.0000 1.0000 1.0000 1.0000 1.0000
0.0000
-26.6611
0.4251 0.3538 0.8744 0.3538 0.4251
0.0 0.0 0.0 0.0 0.0 0.0
1.0000 1.0000 1.0000 1.0000 1.0000 1.0000
0.0000
-1.7888
0.8461 0.9754 0.1125 0.9754 0.8461
0.0 0.0 0.0 0.0 0.0 0.0
1.0000 1.0000 1.0000 1.0000 1.0000 1.0000
0.0000
-1.7888
0.8461 0.9754 0.1125 0.9754 0.8461
0.0 0.0 0.0 0.0 0.0 0.0
1.0000 1.0000 1.0000 1.0000 1.0000 1.0000
0.0000
-1.7658
0.7221 0.7762 0.6672 0.7762 0.7221
0.0 0.0 0.0 0.0 0.0 0.0
1.0000 1.0000 1.0000 1.0000 1.0000 1.0000
0.0000
-1.7658
0.7221 0.7762 0.6672 0.7762 0.7221
0.0 0.0 0.0 0.0 0.0 0.0
1.0000 1.0000 1.0000 1.0000 1.0000 1.0000
0.0000
-1.7658
0.7221 0.7762 0.6672 0.7762 0.7221
0.0 0.0 0.0 0.0 0.0 0.0
1.0000 1.0000 1.0000 1.0000 1.0000 1.0000
0.0000
-1.7712
0.6529 0.6484 0.5971 0.6484 0.6529
0.0 0.0 0.0 0.0 0.0 0.0
1.0000 1.0000 1.0000 1.0000 1.0000 1.0000
0.0000
-1.7712
0.6529 0.6484 0.5971 0.6484 0.6529
0.0 0.0 0.0 0.0 0.0 0.0
1.0000 1.0000 1.0000 1.0000 1.0000 1.0000
0.0000
-1.7765
0.6362 0.6262 0.5603 0.6262 0.6362
0.0 0.0 0.0 0.0 0.0 0.0
1.0000 1.0000 1.0000 1.0000 1.0000 1.0000
0.0000
-1.7780
0.6416 0.6283 0.5732 0.6283 0.6416
0.0 0.0 0.0 0.0 0.0 0.0
1.0000 1.0000 1.0000 1.0000 1.0000 1.0000
0.0000
-1.7780
0.6416 0.6283 0.5732 0.6283 0.6416
0.0 0.0 0.0 0.0 0.0 0.0
1.0000 1.0000 1.0000 1.0000 1.0000 1.0000
0.0000
-1.4725
0.7992 0.9906 0.2730 0.9906 0.7992
0.0 0.0 0.0 0.0 0.0 0.0
1.0000 1.0000 1.0000 1.0000 1.0000 1.0000
0.0000
-1.4725
0.7992 0.9906 0.2730 0.9906 0.7992
0.0 0.0 0.0 0.0 0.0 0.0
1.0000 1.0000 1.0000 1.0000 1.0000 1.0000
0.0000
-1.4725
0.7992 0.9906 0.2730 0.9906 0.7992
0.0 0.0 0.0 0.0 0.0 0.0
1.0000 1.0000 1.0000 1.0000 1.0000 1.0000
0.0000
-1.4725
0.7992 0.9906 0.2730 0.9906 0.7992
0.0 0.0 0.0 0.0 0.0 0.0
1.0000 1.0000 1.0000 1.0000 1.0000 1.0000
0.0000
-1.4725
0.7992 0.9906 0.2730 0.9906 0.7992
0.0 0.0 0.0 0.0 0.0 0.0
1.0000 1.0000 1.0000 1.0000 1.0000 1.0000
0.0000
-1.3201
0.8718 0.3430 0.7873 0.3430 0.8718
0.0 0.0 0.0 0.0 0.0 0.0
1.0000 1.0000 1.0000 1.0000 1.0000 1.0000
0.0000
-1.3201
0.8718 0.3430 0.7873 0.3430 0.8718
0.0 0.0 0.0 0.0 0.0 0.0
1.0000 1.0000 1.0000 1.0000 1.0000 1.0000
0.0000
-1.0849
0.3612 0.6540 0.3156 0.6540 0.3612
0.0 0.0 0.0 0.0 0.0 0.0
1.0000 1.0000 1.0000 1.0000 1.0000 1.0000
0.0000
-1.0849
0.3612 0.6540 0.3156 0.6540 0.3612
0.0 0.0 0.0 0.0 0.0 0.0
1.0000 1.0000 1.0000 1.0000 1.0000 1.0000
0.0000
-1.0849
0.3612 0.6540 0.3156 0.6540 0.3612
0.0 0.0 0.0 0.0 0.0 0.0
1.0000 1.0000 1.0000 1.0000 1.0000 1.0000
0.0000
-1.6528
0.8811 0.1079 0.8596 0.1079 0.8811
0.0 0.0 0.0 0.0 0.0 0.0
1.0000 1.0000 1.0000 1.0000 1.0000 1.0000
0.0000
-1.6528
0.8811 0.1079 0.8596 0.1079 0.8811
0.0 0.0 0.0 0.0 0.0 0.0
1.0000 1.0000 1.0000 1.0000 1.0000 1.0000
0.0000
-1.6528
0.8811 0.1079 0.8596 0.1079 0.8811
0.0 0.0 0.0 0.0 0.0 0.0
1.0000 1.0000 1.0000 1.0000 1.0000 1.0000
0.0000
-1.6528
0.8811 0.1079 0.8596 0.1079 0.8811
0.0 0.0 0.0 0.0 0.0 0.0
1.0000 1.0000 1.0000 1.0000 1.0000 1.0000
0.0000
-1.6528
0.8811 0.1079 0.8596 0.1079 0.8811
0.0 0.0 0.0 0.0 0.0 0.0
1.0000 1.0000 1.0000 1.0000 1.0000 1.0000
0.0000
-1.6528
0.8811 0.1079 0.8596 0.1079 0.8811
0.0 0.0 0.0 0.0 0.0 0.0
1.0000 1.0000 1.0000 1.0000 1.0000 1.0000
0.0000
-1.6528
0.8811 0.1079 0.8596 0.1079 0.8811
0.0 0.0 0.0 0.0 0.0 0.0
1.0000 1.0000 1.0000 1.0000 1.0000 1.0000
0.0000
-1.6528
0.8811 0.1079 0.8596 0.1079 0.8811
0.0 0.0 0.0 0.0 0.0 0.0
1.0000 1.0000 1.0000 1.0000 1.0000 1.0000
0.0000
-1.6528
0.8811 0.1079 0.8596 0.1079 0.8811
0.0 0.0 0.0 0.0 0.0 0.0
1.0000 1.0000 1.0000 1.0000 1.0000 1.0000
0.0000
-1.5926
0.8863 0.2231 0.7888 0.2231 0.8863
0.0 0.0 0.0 0.0 0.0 0.0
1.0000 1.0000 1.0000 1.0000 1.0000 1.0000
0.0000
-1.8349
0.9487 0.9575 0.0806 0.9575 0.9487
0.0 0.0 0.0 0.0 0.0 0.0
1.0000 1.0000 1.0000 1.0000 1.0000 1.0000
0.0000
-1.8349
0.9487 0.9575 0.0806 0.9575 0.9487
0.0 0.0 0.0 0.0 0.0 0.0
1.0000 1.0000 1.0000 1.0000 1.0000 1.0000
0.0000
-1.8349
0.9487 0.9575 0.0806 0.9575 0.9487
0.0 0.0 0.0 0.0 0.0 0.0
1.0000 1.0000 1.0000 1.0000 1.0000 1.0000
0.0000
-1.8349
0.9487 0.9575 0.0806 0.9575 0.9487
0.0 0.0 0.0 0.0 0.0 0.0
1.0000 1.0000 1.0000 1.0000 1.0000 1.0000
0.0000
-1.8349
0.9487 0.9575 0.0806 0.9575 0.9487
0.0 0.0 0.0 0.0 0.0 0.0
1.0000 1.0000 1.0000 1.0000 1.0000 1.0000
0.0000
-1.7247
0.8972 0.9437 0.2006 0.9437 0.8972
0.0 0.0 0.0 0.0 0.0 0.0
1.0000 1.0000 1.0000 1.0000 1.0000 1.0000
0.0000
-1.7766
0.9641 0.8999 0.0952 0.8999 0.9641
0.0 0.0 0.0 0.0 0.0 0.0
1.0000 1.0000 1.0000 1.0000 1.0000 1.0000
0.0000
-1.7766
0.9641 0.8999 0.0952 0.8999 0.9641
0.0 0.0 0.0 0.0 0.0 0.0
1.0000 1.0000 1.0000 1.0000 1.0000 1.0000
0.0000
-1.6562
0.8788 0.9438 0.1262 0.9438 0.8788
0.0 0.0 0.0 0.0 0.0 0.0
1.0000 1.0000 1.0000 1.0000 1.0000 1.0000
0.0000
-1.6562
0.8788 0.9438 0.1262 0.9438 0.8788
0.0 0.0 0.0 0.0 0.0 0.0
1.0000 1.0000 1.0000 1.0000 1.0000 1.0000
0.0000
-1.6562
0.8788 0.9438 0.1262 0.9438 0.8788
0.0 0.0 0.0 0.0 0.0 0.0
1.0000 1.0000 1.0000 1.0000 1.0000 1.0000
0.0000
-6.0764
0.8302 0.8083 0.7369 0.8083 0.8302
0.0 0.0 0.0 0.0 0.0 0.0
1.0000 1.0000 1.0000 1.0000 1.0000 1.0000
0.0000
-6.0764
0.8302 0.8083 0.7369 0.8083 0.8302
0.0 0.0 0.0 0.0 0.0 0.0
1.0000 1.0000 1.0000 1.0000 1.0000 1.0000
0.0000
-4.9377
0.6830 0.8299 0.7072 0.8299 0.6830
0.0 0.0 0.0 0.0 0.0 0.0
1.0000 1.0000 1.0000 1.0000 1.0000 1.0000
0.0000
-4.9377
0.6830 0.8299 0.7072 0.8299 0.6830
0.0 0.0 0.0 0.0 0.0 0.0
1.0000 1.0000 1.0000 1.0000 1.0000 1.0000
0.0000
-4.9377
0.6830 0.8299 0.7072 0.8299 0.6830
0.0 0.0 0.0 0.0 0.0 0.0
1.0000 1.0000 1.0000 1.0000 1.0000 1.0000
0.0000
-4.9377
0.6830 0.8299 0.7072 0.8299 0.6830
0.0 0.0 0.0 0.0 0.0 0.0
1.0000 1.0000 1.0000 1.0000 1.0000 1.0000
0.0000
-4.9377
0.6830 0.8299 0.7072 0.8299 0.6830
0.0 0.0 0.0 0.0 0.0 0.0
1.0000 1.0000 1.0000 1.0000 1.0000 1.0000
0.0000
-4.9377
0.6830 0.8299 0.7072 0.8299 0.6830
0.0 0.0 0.0 0.0 0.0 0.0
1.0000 1.0000 1.0000 1.0000 1.0000 1.0000
0.0000
-5.7248
0.6631 0.7873 0.6881 0.7873 0.6631
0.0 0.0 0.0 0.0 0.0 0.0
1.0000 1.0000 1.0000 1.0000 1.0000 1.0000
0.0000
-5.7248
0.6631 0.7873 0.6881 0.7873 0.6631
0.0 0.0 0.0 0.0 0.0 0.0
1.0000 1.0000 1.0000 1.0000 1.0000 1.0000
0.0000
-8.9231
0.6608 0.7351 0.8347 0.7351 0.6608
0.0 0.0 0.0 0.0 0.0 0.0
1.0000 1.0000 1.0000 1.0000 1.0000 1.0000
0.0000
-9.3886
0.6643 0.6130 0.6804 0.6130 0.6643
0.0 0.0 0.0 0.0 0.0 0.0
1.0000 1.0000 1.0000 1.0000 1.0000 1.0000
0.0000
-9.3886
0.6643 0.6130 0.6804 0.6130 0.6643
0.0 0.0 0.0 0.0 0.0 0.0
1.0000 1.0000 1.0000 1.0000 1.0000 1.0000
0.0000
-9.9487
0.6631 0.6244 0.6168 0.6244 0.6631
0.0 0.0 0.0 0.0 0.0 0.0
1.0000 1.0000 1.0000 1.0000 1.0000 1.0000
0.0000
-10.3829
0.6196 0.6605 0.6558 0.6605 0.6196
0.0 0.0 0.0 0.0 0.0 0.0
1.0000 1.0000 1.0000 1.0000 1.0000 1.0000
0.0000
-10.4556
0.6228 0.6756 0.6829 0.6756 0.6228
0.0 0.0 0.0 0.0 0.0 0.0
1.0000 1.0000 1.0000 1.0000 1.0000 1.0000
0.0000
-10.5475
0.6415 0.6880 0.6946 0.6880 0.6415
0.0 0.0 0.0 0.0 0.0 0.0
1.0000 1.0000 1.0000 1.0000 1.0000 1.0000
0.0000
-10.6740
0.6521 0.6587 0.6622 0.6587 0.6521
0.0 0.0 0.0 0.0 0.0 0.0
1.0000 1.0000 1.0000 1.0000 1.0000 1.0000
0.0000
-10.7020
0.6458 0.6672 0.6762 0.6672 0.6458
0.0 0.0 0.0 0.0 0.0 0.0
1.0000 1.0000 1.0000 1.0000 1.0000 1.0000
0.0000
-10.7020
0.6458 0.6672 0.6762 0.6672 0.6458
0.0 0.0 0.0 0.0 0.0 0.0
1.0000 1.0000 1.0000 1.0000 1.0000 1.0000
0.0000
-10.4253
0.6476 0.6790 0.6358 0.6790 0.6476
0.0 0.0 0.0 0.0 0.0 0.0
1.0000 1.0000 1.0000 1.0000 1.0000 1.0000
0.0000
-10.4253
0.6476 0.6790 0.6358 0.6790 0.6476
0.0 0.0 0.0 0.0 0.0 0.0
1.0000 1.0000 1.0000 1.0000 1.0000 1.0000
0.0000
-10.3526
0.6167 0.6646 0.6519 0.6646 0.6167
0.0 0.0 0.0 0.0 0.0 0.0
1.0000 1.0000 1.0000 1.0000 1.0000 1.0000
0.0000
-10.3526
0.6167 0.6646 0.6519 0.6646 0.6167
0.0 0.0 0.0 0.0 0.0 0.0
1.0000 1.0000 1.0000 1.0000 1.0000 1.0000
0.0000
-10.3526
0.6167 0.6646 0.6519 0.6646 0.6167
0.0 0.0 0.0 0.0 0.0 0.0
1.0000 1.0000 1.0000 1.0000 1.0000 1.0000
0.0000
-10.3526
0.6167 0.6646 0.6519 0.6646 0.6167
0.0 0.0 0.0 0.0 0.0 0.0
1.0000 1.0000 1.0000 1.0000 1.0000 1.0000
0.0000
-10.3526
0.6167 0.6646 0.6519 0.6646 0.6167
0.0 0.0 0.0 0.0 0.0 0.0
1.0000 1.0000 1.0000 1.0000 1.0000 1.0000
0.0000
-10.3526
0.6167 0.6646 0.6519 0.6646 0.6167
0.0 0.0 0.0 0.0 0.0 0.0
1.0000 1.0000 1.0000 1.0000 1.0000 1.0000
0.0000
-9.8744
0.6132 0.6738 0.5926 0.6738 0.6132
0.0 0.0 0.0 0.0 0.0 0.0
1.0000 1.0000 1.0000 1.0000 1.0000 1.0000
0.0000
-9.8744
0.6132 0.6738 0.5926 0.6738 0.6132
0.0 0.0 0.0 0.0 0.0 0.0
1.0000 1.0000 1.0000 1.0000 1.0000 1.0000
0.0000
-9.7294
0.5924 0.6417 0.5898 0.6417 0.5924
0.0 0.0 0.0 0.0 0.0 0.0
1.0000 1.0000 1.0000 1.0000 1.0000 1.0000
0.0000
-9.7294
0.5924 0.6417 0.5898 0.6417 0.5924
0.0 0.0 0.0 0.0 0.0 0.0
1.0000 1.0000 1.0000 1.0000 1.0000 1.0000
0.0000
-10.0759
0.6588 0.6456 0.5926 0.6456 0.6588
0.0 0.0 0.0 0.0 0.0 0.0
1.0000 1.0000 1.0000 1.0000 1.0000 1.0000
0.0000
-10.0759
0.6588 0.6456 0.5926 0.6456 0.6588
0.0 0.0 0.0 0.0 0.0 0.0
1.0000 1.0000 1.0000 1.0000 1.0000 1.0000
0.0000
-10.1290
0.6334 0.6384 0.5954 0.6384 0.6334
0.0 0.0 0.0 0.0 0.0 0.0
1.0000 1.0000 1.0000 1.0000 1.0000 1.0000
0.0000
-10.1743
0.6412 0.6326 0.6165 0.6326 0.6412
0.0 0.0 0.0 0.0 0.0 0.0
1.0000 1.0000 1.0000 1.0000 1.0000 1.0000
0.0000
-10.1743
0.6412 0.6326 0.6165 0.6326 0.6412
0.0 0.0 0.0 0.0 0.0 0.0
1.0000 1.0000 1.0000 1.0000 1.0000 1.0000
0.0000
-10.0923
0.6340 0.6347 0.5969 0.6347 0.6340
0.0 0.0 0.0 0.0 0.0 0.0
1.0000 1.0000 1.0000 1.0000 1.0000 1.0000
0.0000
-10.2707
0.6231 0.6637 0.6086 0.6637 0.6231
0.0 0.0 0.0 0.0 0.0 0.0
1.0000 1.0000 1.0000 1.0000 1.0000 1.0000
0.0000
-10.5326
0.6268 0.6785 0.6836 0.6785 0.6268
0.0 0.0 0.0 0.0 0.0 0.0
1.0000 1.0000 1.0000 1.0000 1.0000 1.0000
0.0000
-10.5326
0.6268 0.6785 0.6836 0.6785 0.6268
0.0 0.0 0.0 0.0 0.0 0.0
1.0000 1.0000 1.0000 1.0000 1.0000 1.0000
0.0000
-10.3650
0.6182 0.6607 0.6329 0.6607 0.6182
0.0 0.0 0.0 0.0 0.0 0.0
1.0000 1.0000 1.0000 1.0000 1.0000 1.0000
0.0000
-10.3650
0.6182 0.6607 0.6329 0.6607 0.6182
0.0 0.0 0.0 0.0 0.0 0.0
1.0000 1.0000 1.0000 1.0000 1.0000 1.0000
0.0000
-10.5401
0.6300 0.6722 0.6401 0.6722 0.6300
0.0 0.0 0.0 0.0 0.0 0.0
1.0000 1.0000 1.0000 1.0000 1.0000 1.0000
0.0000
-10.5883
0.6327 0.6721 0.6459 0.6721 0.6327
0.0 0.0 0.0 0.0 0.0 0.0
1.0000 1.0000 1.0000 1.0000 1.0000 1.0000
0.0000
-10.5883
0.6327 0.6721 0.6459 0.6721 0.6327
0.0 0.0 0.0 0.0 0.0 0.0
1.0000 1.0000 1.0000 1.0000 1.0000 1.0000
0.0000
-10.5883
0.6327 0.6721 0.6459 0.6721 0.6327
0.0 0.0 0.0 0.0 0.0 0.0
1.0000 1.0000 1.0000 1.0000 1.0000 1.0000
0.0000
-10.5883
0.6327 0.6721 0.6459 0.6721 0.6327
0.0 0.0 0.0 0.0 0.0 0.0
1.0000 1.0000 1.0000 1.0000 1.0000 1.0000
0.0000
-10.5899
0.6387 0.6607 0.6352 0.6607 0.6387
0.0 0.0 0.0 0.0 0.0 0.0
1.0000 1.0000 1.0000 1.0000 1.0000 1.0000
0.0000
-10.6037
0.6449 0.6598 0.6368 0.6598 0.6449
0.0 0.0 0.0 0.0 0.0 0.0
1.0000 1.0000 1.0000 1.0000 1.0000 1.0000
0.0000
-10.6037
0.6449 0.6598 0.6368 0.6598 0.6449
0.0 0.0 0.0 0.0 0.0 0.0
1.0000 1.0000 1.0000 1.0000 1.0000 1.0000
0.0000
-10.6008
0.6333 0.6600 0.6630 0.6600 0.6333
0.0 0.0 0.0 0.0 0.0 0.0
1.0000 1.0000 1.0000 1.0000 1.0000 1.0000
0.0000
-10.6606
0.6353 0.6715 0.6659 0.6715 0.6353
0.0 0.0 0.0 0.0 0.0 0.0
1.0000 1.0000 1.0000 1.0000 1.0000 1.0000
0.0000
-10.6606
0.6353 0.6715 0.6659 0.6715 0.6353
0.0 0.0 0.0 0.0 0.0 0.0
1.0000 1.0000 1.0000 1.0000 1.0000 1.0000
0.0000
-10.6606
0.6353 0.6715 0.6659 0.6715 0.6353
0.0 0.0 0.0 0.0 0.0 0.0
1.0000 1.0000 1.0000 1.0000 1.0000 1.0000
0.0000
-10.6606
0.6353 0.6715 0.6659 0.6715 0.6353
0.0 0.0 0.0 0.0 0.0 0.0
1.0000 1.0000 1.0000 1.0000 1.0000 1.0000
0.0000
-10.6606
0.6353 0.6715 0.6659 0.6715 0.6353
0.0 0.0 0.0 0.0 0.0 0.0
1.0000 1.0000 1.0000 1.0000 1.0000 1.0000
0.0000
-10.6631
0.6384 0.6665 0.6536 0.6665 0.6384
0.0 0.0 0.0 0.0 0.0 0.0
1.0000 1.0000 1.0000 1.0000 1.0000 1.0000
0.0000
-10.6631
0.6384 0.6665 0.6536 0.6665 0.6384
0.0 0.0 0.0 0.0 0.0 0.0
1.0000 1.0000 1.0000 1.0000 1.0000 1.0000
0.0000
-10.6831
0.6471 0.6650 0.6571 0.6650 0.6471
0.0 0.0 0.0 0.0 0.0 0.0
1.0000 1.0000 1.0000 1.0000 1.0000 1.0000
0.0000
-10.6831
0.6471 0.6650 0.6571 0.6650 0.6471
0.0 0.0 0.0 0.0 0.0 0.0
1.0000 1.0000 1.0000 1.0000 1.0000 1.0000
0.0000
-10.6755
0.6412 0.6642 0.6539 0.6642 0.6412
0.0 0.0 0.0 0.0 0.0 0.0
1.0000 1.0000 1.0000 1.0000 1.0000 1.0000
0.0000
-10.6590
0.6381 0.6641 0.6529 0.6641 0.6381
0.0 0.0 0.0 0.0 0.0 0.0
1.0000 1.0000 1.0000 1.0000 1.0000 1.0000
0.0000
-10.6590
0.6381 0.6641 0.6529 0.6641 0.6381
0.0 0.0 0.0 0.0 0.0 0.0
1.0000 1.0000 1.0000 1.0000 1.0000 1.0000
0.0000
-10.6668
0.6462 0.6653 0.6506 0.6653 0.6462
0.0 0.0 0.0 0.0 0.0 0.0
1.0000 1.0000 1.0000 1.0000 1.0000 1.0000
0.0000
-10.6710
0.6460 0.6619 0.6508 0.6619 0.6460
0.0 0.0 0.0 0.0 0.0 0.0
1.0000 1.0000 1.0000 1.0000 1.0000 1.0000
0.0000
-10.6899
0.6403 0.6656 0.6646 0.6656 0.6403
0.0 0.0 0.0 0.0 0.0 0.0
1.0000 1.0000 1.0000 1.0000 1.0000 1.0000
0.0000
-10.6899
0.6403 0.6656 0.6646 0.6656 0.6403
0.0 0.0 0.0 0.0 0.0 0.0
1.0000 1.0000 1.0000 1.0000 1.0000 1.0000
0.0000
-10.6899
0.6403 0.6656 0.6646 0.6656 0.6403
0.0 0.0 0.0 0.0 0.0 0.0
1.0000 1.0000 1.0000 1.0000 1.0000 1.0000
0.0000
-10.6899
0.6403 0.6656 0.6646 0.6656 0.6403
0.0 0.0 0.0 0.0 0.0 0.0
1.0000 1.0000 1.0000 1.0000 1.0000 1.0000
0.0000
-9.2231
0.6390 0.6667 0.6034 0.6667 0.6390
0.0 0.0 0.0 0.0 0.0 0.0
1.0000 1.0000 1.0000 1.0000 1.0000 1.0000
0.0000
-9.3013
0.6141 0.6959 0.6691 0.6959 0.6141
0.0 0.0 0.0 0.0 0.0 0.0
1.0000 1.0000 1.0000 1.0000 1.0000 1.0000
0.0000
-9.3013
0.6141 0.6959 0.6691 0.6959 0.6141
0.0 0.0 0.0 0.0 0.0 0.0
1.0000 1.0000 1.0000 1.0000 1.0000 1.0000
0.0000
-9.3013
0.6141 0.6959 0.6691 0.6959 0.6141
0.0 0.0 0.0 0.0 0.0 0.0
1.0000 1.0000 1.0000 1.0000 1.0000 1.0000
0.0000
-9.4098
0.6476 0.6682 0.6244 0.6682 0.6476
0.0 0.0 0.0 0.0 0.0 0.0
1.0000 1.0000 1.0000 1.0000 1.0000 1.0000
0.0000
-9.4098
0.6476 0.6682 0.6244 0.6682 0.6476
0.0 0.0 0.0 0.0 0.0 0.0
1.0000 1.0000 1.0000 1.0000 1.0000 1.0000
0.0000
-9.4561
0.6339 0.6539 0.6349 0.6539 0.6339
0.0 0.0 0.0 0.0 0.0 0.0
1.0000 1.0000 1.0000 1.0000 1.0000 1.0000
0.0000
-9.6238
0.6540 0.6599 0.6769 0.6599 0.6540
0.0 0.0 0.0 0.0 0.0 0.0
1.0000 1.0000 1.0000 1.0000 1.0000 1.0000
0.0000
-9.6238
0.6540 0.6599 0.6769 0.6599 0.6540
0.0 0.0 0.0 0.0 0.0 0.0
1.0000 1.0000 1.0000 1.0000 1.0000 1.0000
0.0000
-9.6377
0.6424 0.6710 0.6618 0.6710 0.6424
0.0 0.0 0.0 0.0 0.0 0.0
1.0000 1.0000 1.0000 1.0000 1.0000 1.0000
0.0000
-9.6539
0.6396 0.6711 0.6746 0.6711 0.6396
0.0 0.0 0.0 0.0 0.0 0.0
1.0000 1.0000 1.0000 1.0000 1.0000 1.0000
0.0000
-9.6539
0.6396 0.6711 0.6746 0.6711 0.6396
0.0 0.0 0.0 0.0 0.0 0.0
1.0000 1.0000 1.0000 1.0000 1.0000 1.0000
0.0000
-9.6352
0.6410 0.6666 0.6619 0.6666 0.6410
0.0 0.0 0.0 0.0 0.0 0.0
1.0000 1.0000 1.0000 1.0000 1.0000 1.0000
0.0000
-9.6361
0.6472 0.6641 0.6628 0.6641 0.6472
0.0 0.0 0.0 0.0 0.0 0.0
1.0000 1.0000 1.0000 1.0000 1.0000 1.0000
0.0000
-9.6361
0.6472 0.6641 0.6628 0.6641 0.6472
0.0 0.0 0.0 0.0 0.0 0.0
1.0000 1.0000 1.0000 1.0000 1.0000 1.0000
0.0000
-9.6362
0.6453 0.6642 0.6629 0.6642 0.6453
0.0 0.0 0.0 0.0 0.0 0.0
1.0000 1.0000 1.0000 1.0000 1.0000 1.0000
0.0000
-9.6362
0.6453 0.6642 0.6629 0.6642 0.6453
0.0 0.0 0.0 0.0 0.0 0.0
1.0000 1.0000 1.0000 1.0000 1.0000 1.0000
0.0000
-9.6362
0.6453 0.6642 0.6629 0.6642 0.6453
0.0 0.0 0.0 0.0 0.0 0.0
1.0000 1.0000 1.0000 1.0000 1.0000 1.0000
0.0000
-9.6392
0.6427 0.6635 0.6820 0.6635 0.6427
0.0 0.0 0.0 0.0 0.0 0.0
1.0000 1.0000 1.0000 1.0000 1.0000 1.0000
0.0000
-9.6393
0.6430 0.6632 0.6727 0.6632 0.6430
0.0 0.0 0.0 0.0 0.0 0.0
1.0000 1.0000 1.0000 1.0000 1.0000 1.0000
0.0000
-9.6408
0.6442 0.6637 0.6678 0.6637 0.6442
0.0 0.0 0.0 0.0 0.0 0.0
1.0000 1.0000 1.0000 1.0000 1.0000 1.0000
0.0000
-9.6408
0.6442 0.6637 0.6678 0.6637 0.6442
0.0 0.0 0.0 0.0 0.0 0.0
1.0000 1.0000 1.0000 1.0000 1.0000 1.0000
0.0000
-9.6408
0.6442 0.6637 0.6678 0.6637 0.6442
0.0 0.0 0.0 0.0 0.0 0.0
1.0000 1.0000 1.0000 1.0000 1.0000 1.0000
0.0000
-9.6408
0.6442 0.6637 0.6678 0.6637 0.6442
0.0 0.0 0.0 0.0 0.0 0.0
1.0000 1.0000 1.0000 1.0000 1.0000 1.0000
0.0000
-9.6408
0.6442 0.6637 0.6678 0.6637 0.6442
0.0 0.0 0.0 0.0 0.0 0.0
1.0000 1.0000 1.0000 1.0000 1.0000 1.0000
0.0000
-9.6408
0.6442 0.6637 0.6678 0.6637 0.6442
0.0 0.0 0.0 0.0 0.0 0.0
1.0000 1.0000 1.0000 1.0000 1.0000 1.0000
0.0000
-9.6408
0.6442 0.6637 0.6678 0.6637 0.6442
0.0 0.0 0.0 0.0 0.0 0.0
1.0000 1.0000 1.0000 1.0000 1.0000 1.0000
0.0000
-9.6396
0.6467 0.6637 0.6649 0.6637 0.6467
0.0 0.0 0.0 0.0 0.0 0.0
1.0000 1.0000 1.0000 1.0000 1.0000 1.0000
0.0000
-9.6396
0.6467 0.6637 0.6649 0.6637 0.6467
0.0 0.0 0.0 0.0 0.0 0.0
1.0000 1.0000 1.0000 1.0000 1.0000 1.0000
0.0000
-9.6393
0.6455 0.6637 0.6653 0.6637 0.6455
0.0 0.0 0.0 0.0 0.0 0.0
1.0000 1.0000 1.0000 1.0000 1.0000 1.0000
0.0000
-9.6426
0.6470 0.6634 0.6668 0.6634 0.6470
0.0 0.0 0.0 0.0 0.0 0.0
1.0000 1.0000 1.0000 1.0000 1.0000 1.0000
0.0000
-9.6426
0.6470 0.6634 0.6668 0.6634 0.6470
0.0 0.0 0.0 0.0 0.0 0.0
1.0000 1.0000 1.0000 1.0000 1.0000 1.0000
0.0000
-9.6426
0.6470 0.6634 0.6668 0.6634 0.6470
0.0 0.0 0.0 0.0 0.0 0.0
1.0000 1.0000 1.0000 1.0000 1.0000 1.0000
0.0000
-9.6426
0.6470 0.6634 0.6668 0.6634 0.6470
0.0 0.0 0.0 0.0 0.0 0.0
1.0000 1.0000 1.0000 1.0000 1.0000 1.0000
0.0000
-9.6387
0.6437 0.6626 0.6721 0.6626 0.6437
0.0 0.0 0.0 0.0 0.0 0.0
1.0000 1.0000 1.0000 1.0000 1.0000 1.0000
0.0000
-9.6439
0.6431 0.6784 0.6723 0.6784 0.6431
0.0 0.0 0.0 0.0 0.0 0.0
1.0000 1.0000 1.0000 1.0000 1.0000 1.0000
0.0000
-9.6439
0.6431 0.6784 0.6723 0.6784 0.6431
0.0 0.0 0.0 0.0 0.0 0.0
1.0000 1.0000 1.0000 1.0000 1.0000 1.0000
0.0000
-9.6580
0.6429 0.6709 0.6723 0.6709 0.6429
0.0 0.0 0.0 0.0 0.0 0.0
1.0000 1.0000 1.0000 1.0000 1.0000 1.0000
0.0000
-9.6580
0.6429 0.6709 0.6723 0.6709 0.6429
0.0 0.0 0.0 0.0 0.0 0.0
1.0000 1.0000 1.0000 1.0000 1.0000 1.0000
0.0000
-9.6528
0.6429 0.6680 0.6703 0.6680 0.6429
0.0 0.0 0.0 0.0 0.0 0.0
1.0000 1.0000 1.0000 1.0000 1.0000 1.0000
0.0000
-9.6528
0.6429 0.6680 0.6703 0.6680 0.6429
0.0 0.0 0.0 0.0 0.0 0.0
1.0000 1.0000 1.0000 1.0000 1.0000 1.0000
0.0000
-9.6511
0.6430 0.6669 0.6706 0.6669 0.6430
0.0 0.0 0.0 0.0 0.0 0.0
1.0000 1.0000 1.0000 1.0000 1.0000 1.0000
0.0000
-9.6511
0.6430 0.6669 0.6706 0.6669 0.6430
0.0 0.0 0.0 0.0 0.0 0.0
1.0000 1.0000 1.0000 1.0000 1.0000 1.0000
0.0000
-9.6514
0.6457 0.6660 0.6690 0.6660 0.6457
0.0 0.0 0.0 0.0 0.0 0.0
1.0000 1.0000 1.0000 1.0000 1.0000 1.0000
0.0000
-9.6514
0.6457 0.6660 0.6690 0.6660 0.6457
0.0 0.0 0.0 0.0 0.0 0.0
1.0000 1.0000 1.0000 1.0000 1.0000 1.0000
0.0000
-9.6514
0.6457 0.6660 0.6690 0.6660 0.6457
0.0 0.0 0.0 0.0 0.0 0.0
1.0000 1.0000 1.0000 1.0000 1.0000 1.0000
0.0000
-9.6514
0.6457 0.6660 0.6690 0.6660 0.6457
0.0 0.0 0.0 0.0 0.0 0.0
1.0000 1.0000 1.0000 1.0000 1.0000 1.0000
0.0000
-9.6525
0.6442 0.6695 0.6684 0.6695 0.6442
0.0 0.0 0.0 0.0 0.0 0.0
1.0000 1.0000 1.0000 1.0000 1.0000 1.0000
0.0000
-9.6538
0.6491 0.6666 0.6737 0.6666 0.6491
0.0 0.0 0.0 0.0 0.0 0.0
1.0000 1.0000 1.0000 1.0000 1.0000 1.0000
0.0000
-9.6565
0.6480 0.6671 0.6718 0.6671 0.6480
0.0 0.0 0.0 0.0 0.0 0.0
1.0000 1.0000 1.0000 1.0000 1.0000 1.0000
0.0000
-1.9738
0.4913 0.2656 0.9394 0.2656 0.4913
0.0 0.0 0.0 0.0 0.0 0.0
1.0000 1.0000 1.0000 1.0000 1.0000 1.0000
0.0000
-1.9738
0.4913 0.2656 0.9394 0.2656 0.4913
0.0 0.0 0.0 0.0 0.0 0.0
1.0000 1.0000 1.0000 1.0000 1.0000 1.0000
0.0000
-2.0268
0.4819 0.2865 0.9908 0.2865 0.4819
0.0 0.0 0.0 0.0 0.0 0.0
1.0000 1.0000 1.0000 1.0000 1.0000 1.0000
0.0000
-2.0268
0.4819 0.2865 0.9908 0.2865 0.4819
0.0 0.0 0.0 0.0 0.0 0.0
1.0000 1.0000 1.0000 1.0000 1.0000 1.0000
0.0000
-2.0268
0.4819 0.2865 0.9908 0.2865 0.4819
0.0 0.0 0.0 0.0 0.0 0.0
1.0000 1.0000 1.0000 1.0000 1.0000 1.0000
0.0000
-2.0268
0.4819 0.2865 0.9908 0.2865 0.4819
0.0 0.0 0.0 0.0 0.0 0.0
1.0000 1.0000 1.0000 1.0000 1.0000 1.0000
0.0000
-2.0268
0.4819 0.2865 0.9908 0.2865 0.4819
0.0 0.0 0.0 0.0 0.0 0.0
1.0000 1.0000 1.0000 1.0000 1.0000 1.0000
0.0000
-2.0181
0.4363 0.2827 0.8876 0.2827 0.4363
0.0 0.0 0.0 0.0 0.0 0.0
1.0000 1.0000 1.0000 1.0000 1.0000 1.0000
0.0000
-2.0407
0.3828 0.3983 0.9949 0.3983 0.3828
0.0 0.0 0.0 0.0 0.0 0.0
1.0000 1.0000 1.0000 1.0000 1.0000 1.0000
0.0000
-2.0631
0.4033 0.3466 0.9347 0.3466 0.4033
0.0 0.0 0.0 0.0 0.0 0.0
1.0000 1.0000 1.0000 1.0000 1.0000 1.0000
0.0000
-2.0866
0.4245 0.3466 0.9436 0.3466 0.4245
0.0 0.0 0.0 0.0 0.0 0.0
1.0000 1.0000 1.0000 1.0000 1.0000 1.0000
0.0000
-2.0896
0.4252 0.3451 0.9455 0.3451 0.4252
0.0 0.0 0.0 0.0 0.0 0.0
1.0000 1.0000 1.0000 1.0000 1.0000 1.0000
0.0000
-1.8670
0.3686 0.3242 0.8628 0.3242 0.3686
0.0 0.0 0.0 0.0 0.0 0.0
1.0000 1.0000 1.0000 1.0000 1.0000 1.0000
0.0000
-2.0164
0.4147 0.3368 0.8815 0.3368 0.4147
0.0 0.0 0.0 0.0 0.0 0.0
1.0000 1.0000 1.0000 1.0000 1.0000 1.0000
0.0000
-2.0164
0.4147 0.3368 0.8815 0.3368 0.4147
0.0 0.0 0.0 0.0 0.0 0.0
1.0000 1.0000 1.0000 1.0000 1.0000 1.0000
0.0000
-2.0164
0.4147 0.3368 0.8815 0.3368 0.4147
0.0 0.0 0.0 0.0 0.0 0.0
1.0000 1.0000 1.0000 1.0000 1.0000 1.0000
0.0000
-2.0164
0.4147 0.3368 0.8815 0.3368 0.4147
0.0 0.0 0.0 0.0 0.0 0.0
1.0000 1.0000 1.0000 1.0000 1.0000 1.0000
0.0000
-1.5977
0.1317 0.9914 0.1696 0.9914 0.1317
0.0 0.0 0.0 0.0 0.0 0.0
1.0000 1.0000 1.0000 1.0000 1.0000 1.0000
0.0000
-1.5977
0.1317 0.9914 0.1696 0.9914 0.1317
0.0 0.0 0.0 0.0 0.0 0.0
1.0000 1.0000 1.0000 1.0000 1.0000 1.0000
0.0000
-1.5977
0.1317 0.9914 0.1696 0.9914 0.1317
0.0 0.0 0.0 0.0 0.0 0.0
1.0000 1.0000 1.0000 1.0000 1.0000 1.0000
0.0000
-1.5977
0.1317 0.9914 0.1696 0.9914 0.1317
0.0 0.0 0.0 0.0 0.0 0.0
1.0000 1.0000 1.0000 1.0000 1.0000 1.0000
0.0000
-1.5977
0.1317 0.9914 0.1696 0.9914 0.1317
0.0 0.0 0.0 0.0 0.0 0.0
1.0000 1.0000 1.0000 1.0000 1.0000 1.0000
0.0000
-1.5977
0.1317 0.9914 0.1696 0.9914 0.1317
0.0 0.0 0.0 0.0 0.0 0.0
1.0000 1.0000 1.0000 1.0000 1.0000 1.0000
0.0000
-1.5378
0.1244 0.9272 0.3239 0.9272 0.1244
0.0 0.0 0.0 0.0 0.0 0.0
1.0000 1.0000 1.0000 1.0000 1.0000 1.0000
0.0000
-1.5378
0.1244 0.9272 0.3239 0.9272 0.1244
0.0 0.0 0.0 0.0 0.0 0.0
1.0000 1.0000 1.0000 1.0000 1.0000 1.0000
0.0000
-1.5378
0.1244 0.9272 0.3239 0.9272 0.1244
0.0 0.0 0.0 0.0 0.0 0.0
1.0000 1.0000 1.0000 1.0000 1.0000 1.0000
0.0000
-1.5305
0.1886 0.8737 0.3327 0.8737 0.1886
0.0 0.0 0.0 0.0 0.0 0.0
1.0000 1.0000 1.0000 1.0000 1.0000 1.0000
0.0000
-1.5858
0.9381 0.3439 0.8588 0.3439 0.9381
0.0 0.0 0.0 0.0 0.0 0.0
1.0000 1.0000 1.0000 1.0000 1.0000 1.0000
0.0000
-1.5858
0.9381 0.3439 0.8588 0.3439 0.9381
0.0 0.0 0.0 0.0 0.0 0.0
1.0000 1.0000 1.0000 1.0000 1.0000 1.0000
0.0000
-1.5858
0.9381 0.3439 0.8588 0.3439 0.9381
0.0 0.0 0.0 0.0 0.0 0.0
1.0000 1.0000 1.0000 1.0000 1.0000 1.0000
0.0000
-1.5858
0.9381 0.3439 0.8588 0.3439 0.9381
0.0 0.0 0.0 0.0 0.0 0.0
1.0000 1.0000 1.0000 1.0000 1.0000 1.0000
0.0000
-1.5858
0.9381 0.3439 0.8588 0.3439 0.9381
0.0 0.0 0.0 0.0 0.0 0.0
1.0000 1.0000 1.0000 1.0000 1.0000 1.0000
0.0000
-1.5858
0.9381 0.3439 0.8588 0.3439 0.9381
0.0 0.0 0.0 0.0 0.0 0.0
1.0000 1.0000 1.0000 1.0000 1.0000 1.0000
0.0000
-1.5858
0.9381 0.3439 0.8588 0.3439 0.9381
0.0 0.0 0.0 0.0 0.0 0.0
1.0000 1.0000 1.0000 1.0000 1.0000 1.0000
0.0000
-1.2311
0.7717 0.4897 0.8515 0.4897 0.7717
0.0 0.0 0.0 0.0 0.0 0.0
1.0000 1.0000 1.0000 1.0000 1.0000 1.0000
0.0000
-1.2311
0.7717 0.4897 0.8515 0.4897 0.7717
0.0 0.0 0.0 0.0 0.0 0.0
1.0000 1.0000 1.0000 1.0000 1.0000 1.0000
0.0000
-1.2311
0.7717 0.4897 0.8515 0.4897 0.7717
0.0 0.0 0.0 0.0 0.0 0.0
1.0000 1.0000 1.0000 1.0000 1.0000 1.0000
0.0000
-1.8977
0.4550 0.5122 0.3222 0.5122 0.4550
337.0 135.0 332.0 66.0 259.0 347.0
1.0000 1.0000 1.0000 1.0000 1.0000 1.0000
0.0000
-1.8977
0.4550 0.5122 0.3222 0.5122 0.4550
337.0 135.0 332.0 66.0 259.0 347.0
1.0000 1.0000 1.0000 1.0000 1.0000 1.0000
0.0000
-1.8977
0.4550 0.5122 0.3222 0.5122 0.4550
337.0 135.0 332.0 66.0 259.0 347.0
1.0000 1.0000 1.0000 1.0000 1.0000 1.0000
0.0000
-1.8977
0.4550 0.5122 0.3222 0.5122 0.4550
337.0 135.0 332.0 66.0 259.0 347.0
1.0000 1.0000 1.0000 1.0000 1.0000 1.0000
0.0000
-1.5799
0.2064 0.8799 0.5357 0.8799 0.2064
149.7 153.2 144.3 218.3 134.3 270.6
1.0000 1.0000 1.0000 1.0000 1.0000 1.0000
0.0000
-1.5799
0.2064 0.8799 0.5357 0.8799 0.2064
149.7 153.2 144.3 218.3 134.3 270.6
1.0000 1.0000 1.0000 1.0000 1.0000 1.0000
0.0000
-1.5649
0.4187 0.5350 0.4280 0.5350 0.4187
296.0 183.0 273.3 69.3 218.8 322.3
1.0000 1.0000 1.0000 1.0000 1.0000 1.0000
0.0000
-1.5649
0.4187 0.5350 0.4280 0.5350 0.4187
296.0 183.0 273.3 69.3 218.8 322.3
1.0000 1.0000 1.0000 1.0000 1.0000 1.0000
0.0000
-1.5649
0.4187 0.5350 0.4280 0.5350 0.4187
296.0 183.0 273.3 69.3 218.8 322.3
1.0000 1.0000 1.0000 1.0000 1.0000 1.0000
0.0000
-1.5649
0.4187 0.5350 0.4280 0.5350 0.4187
296.0 183.0 273.3 69.3 218.8 322.3
1.0000 1.0000 1.0000 1.0000 1.0000 1.0000
0.0000
-2.0951
0.9874 0.3423 0.2444 0.3423 0.9874
201.0 356.0 294.0 69.0 74.0 278.0
1.0000 1.0000 1.0000 1.0000 1.0000 1.0000
0.0000
-2.7579
0.5697 0.3411 0.5290 0.3411 0.5697
146.0 224.5 252.3 48.8 170.0 205.8
1.0000 1.0000 1.0000 1.0000 1.0000 1.0000
0.0000
-3.2273
0.4040 0.5125 0.4664 0.5125 0.4040
195.5 183.7 306.5 49.8 142.8 265.9
1.0000 1.0000 1.0000 1.0000 1.0000 1.0000
0.0000
-3.2273
0.4040 0.5125 0.4664 0.5125 0.4040
195.5 183.7 306.5 49.8 142.8 265.9
1.0000 1.0000 1.0000 1.0000 1.0000 1.0000
0.0000
-3.2273
0.4040 0.5125 0.4664 0.5125 0.4040
195.5 183.7 306.5 49.8 142.8 265.9
1.0000 1.0000 1.0000 1.0000 1.0000 1.0000
0.0000
-3.2332
0.4368 0.5018 0.5211 0.5018 0.4368
194.7 184.7 295.7 81.6 165.0 249.0
1.0000 1.0000 1.0000 1.0000 1.0000 1.0000
0.0000
-3.4063
0.4743 0.4786 0.5035 0.4786 0.4743
171.9 208.4 270.3 59.9 169.0 241.5
1.0000 1.0000 1.0000 1.0000 1.0000 1.0000
0.0000
-3.4063
0.4743 0.4786 0.5035 0.4786 0.4743
171.9 208.4 270.3 59.9 169.0 241.5
1.0000 1.0000 1.0000 1.0000 1.0000 1.0000
0.0000
-3.4063
0.4743 0.4786 0.5035 0.4786 0.4743
171.9 208.4 270.3 59.9 169.0 241.5
1.0000 1.0000 1.0000 1.0000 1.0000 1.0000
0.0000
-3.4544
0.4655 0.4900 0.5019 0.4900 0.4655
175.3 204.8 272.5 69.9 163.1 241.9
1.0000 1.0000 1.0000 1.0000 1.0000 1.0000
0.0000
-2.6103
0.8071 0.5905 0.1795 0.5905 0.8071
166.0 275.0 24.0 230.0 88.0 335.0
1.0000 1.0000 1.0000 1.0000 1.0000 1.0000
0.0000
-2.6103
0.8071 0.5905 0.1795 0.5905 0.8071
166.0 275.0 24.0 230.0 88.0 335.0
1.0000 1.0000 1.0000 1.0000 1.0000 1.0000
0.0000
-2.5223
0.4785 0.4814 0.9744 0.4814 0.4785
171.5 211.7 247.2 134.2 167.3 225.9
1.0000 1.0000 1.0000 1.0000 1.0000 1.0000
0.0000
-2.5858
0.4559 0.3616 0.7489 0.3616 0.4559
145.9 219.9 203.3 116.0 157.4 218.8
1.0000 1.0000 1.0000 1.0000 1.0000 1.0000
0.0000
-2.8537
0.4620 0.4902 0.8045 0.4902 0.4620
139.5 220.9 215.2 123.6 157.5 220.7
1.0000 1.0000 1.0000 1.0000 1.0000 1.0000
0.0000
-2.8537
0.4620 0.4902 0.8045 0.4902 0.4620
139.5 220.9 215.2 123.6 157.5 220.7
1.0000 1.0000 1.0000 1.0000 1.0000 1.0000
0.0000
-2.8537
0.4620 0.4902 0.8045 0.4902 0.4620
139.5 220.9 215.2 123.6 157.5 220.7
1.0000 1.0000 1.0000 1.0000 1.0000 1.0000
0.0000
-2.8537
0.4620 0.4902 0.8045 0.4902 0.4620
139.5 220.9 215.2 123.6 157.5 220.7
1.0000 1.0000 1.0000 1.0000 1.0000 1.0000
0.0000
-2.8537
0.4620 0.4902 0.8045 0.4902 0.4620
139.5 220.9 215.2 123.6 157.5 220.7
1.0000 1.0000 1.0000 1.0000 1.0000 1.0000
0.0000
-3.0198
0.3817 0.4389 0.8161 0.4389 0.3817
161.4 219.4 232.7 131.5 163.3 218.3
1.0000 1.0000 1.0000 1.0000 1.0000 1.0000
0.0000
-3.0198
0.3817 0.4389 0.8161 0.4389 0.3817
161.4 219.4 232.7 131.5 163.3 218.3
1.0000 1.0000 1.0000 1.0000 1.0000 1.0000
0.0000
-3.0198
0.3817 0.4389 0.8161 0.4389 0.3817
161.4 219.4 232.7 131.5 163.3 218.3
1.0000 1.0000 1.0000 1.0000 1.0000 1.0000
0.0000
-2.9592
0.3962 0.4463 0.7945 0.4463 0.3962
163.7 221.1 230.5 130.4 166.1 218.9
1.0000 1.0000 1.0000 1.0000 1.0000 1.0000
0.0000
-2.9592
0.3962 0.4463 0.7945 0.4463 0.3962
163.7 221.1 230.5 130.4 166.1 218.9
1.0000 1.0000 1.0000 1.0000 1.0000 1.0000
0.0000
-2.9592
0.3962 0.4463 0.7945 0.4463 0.3962
163.7 221.1 230.5 130.4 166.1 218.9
1.0000 1.0000 1.0000 1.0000 1.0000 1.0000
0.0000
-5.3215
0.3415 0.4805 0.5030 0.4805 0.3415
9.0 176.0 196.0 337.0 37.0 165.0
1.0000 1.0000 1.0000 1.0000 1.0000 1.0000
0.0000
-5.3215
0.3415 0.4805 0.5030 0.4805 0.3415
9.0 176.0 196.0 337.0 37.0 165.0
1.0000 1.0000 1.0000 1.0000 1.0000 1.0000
0.0000
-5.2172
0.4697 0.4668 0.4346 0.4668 0.4697
148.5 176.3 252.8 74.3 76.0 212.0
1.0000 1.0000 1.0000 1.0000 1.0000 1.0000
0.0000
-5.2172
0.4697 0.4668 0.4346 0.4668 0.4697
148.5 176.3 252.8 74.3 76.0 212.0
1.0000 1.0000 1.0000 1.0000 1.0000 1.0000
0.0000
-5.2172
0.4697 0.4668 0.4346 0.4668 0.4697
148.5 176.3 252.8 74.3 76.0 212.0
1.0000 1.0000 1.0000 1.0000 1.0000 1.0000
0.0000
-5.2172
0.4697 0.4668 0.4346 0.4668 0.4697
148.5 176.3 252.8 74.3 76.0 212.0
1.0000 1.0000 1.0000 1.0000 1.0000 1.0000
0.0000
-5.5202
0.4586 0.4122 0.8533 0.4122 0.4586
146.9 177.0 244.9 82.0 83.9 191.7
1.0000 1.0000 1.0000 1.0000 1.0000 1.0000
0.0000
-5.5202
0.4586 0.4122 0.8533 0.4122 0.4586
146.9 177.0 244.9 82.0 83.9 191.7
1.0000 1.0000 1.0000 1.0000 1.0000 1.0000
0.0000
-5.5202
0.4586 0.4122 0.8533 0.4122 0.4586
146.9 177.0 244.9 82.0 83.9 191.7
1.0000 1.0000 1.0000 1.0000 1.0000 1.0000
0.0000
-5.5202
0.4586 0.4122 0.8533 0.4122 0.4586
146.9 177.0 244.9 82.0 83.9 191.7
1.0000 1.0000 1.0000 1.0000 1.0000 1.0000
0.0000
-3.7418
0.5328 0.3856 0.7341 0.3856 0.5328
159.0 226.0 104.0 79.0 152.0 318.0
1.0000 1.0000 1.0000 1.0000 1.0000 1.0000
0.0000
-3.7418
0.5328 0.3856 0.7341 0.3856 0.5328
159.0 226.0 104.0 79.0 152.0 318.0
1.0000 1.0000 1.0000 1.0000 1.0000 1.0000
0.0000
-2.6629
0.5451 0.7627 0.3747 0.7627 0.5451
137.8 203.5 260.8 129.8 147.0 255.8
1.0000 1.0000 1.0000 1.0000 1.0000 1.0000
0.0000
-3.2225
0.3694 0.8457 0.5821 0.8457 0.3694
130.0 76.5 296.5 343.5 200.0 322.5
1.0000 1.0000 1.0000 1.0000 1.0000 1.0000
0.0000
-3.4681
0.7324 0.3007 0.2575 0.3007 0.7324
133.6 177.8 197.1 300.9 82.8 184.6
1.0000 1.0000 1.0000 1.0000 1.0000 1.0000
0.0000
-3.4681
0.7324 0.3007 0.2575 0.3007 0.7324
133.6 177.8 197.1 300.9 82.8 184.6
1.0000 1.0000 1.0000 1.0000 1.0000 1.0000
0.0000
-3.4681
0.7324 0.3007 0.2575 0.3007 0.7324
133.6 177.8 197.1 300.9 82.8 184.6
1.0000 1.0000 1.0000 1.0000 1.0000 1.0000
0.0000
-2.7316
0.5871 0.5288 0.3533 0.5288 0.5871
139.5 162.3 218.7 259.2 118.3 201.7
1.0000 1.0000 1.0000 1.0000 1.0000 1.0000
0.0000
-2.7316
0.5871 0.5288 0.3533 0.5288 0.5871
139.5 162.3 218.7 259.2 118.3 201.7
1.0000 1.0000 1.0000 1.0000 1.0000 1.0000
0.0000
-2.7316
0.5871 0.5288 0.3533 0.5288 0.5871
139.5 162.3 218.7 259.2 118.3 201.7
1.0000 1.0000 1.0000 1.0000 1.0000 1.0000
0.0000
-1.6787
0.3439 0.1054 0.8629 0.1054 0.3439
29.0 159.0 79.0 255.0 316.0 49.0
1.0000 1.0000 1.0000 1.0000 1.0000 1.0000
0.0000
-1.6787
0.3439 0.1054 0.8629 0.1054 0.3439
29.0 159.0 79.0 255.0 316.0 49.0
1.0000 1.0000 1.0000 1.0000 1.0000 1.0000
0.0000
-1.6787
0.3439 0.1054 0.8629 0.1054 0.3439
29.0 159.0 79.0 255.0 316.0 49.0
1.0000 1.0000 1.0000 1.0000 1.0000 1.0000
0.0000
-1.6787
0.3439 0.1054 0.8629 0.1054 0.3439
29.0 159.0 79.0 255.0 316.0 49.0
1.0000 1.0000 1.0000 1.0000 1.0000 1.0000
0.0000
-1.6053
0.4923 0.4287 0.6443 0.4287 0.4923
160.9 209.6 267.5 93.6 250.2 201.0
1.0000 1.0000 1.0000 1.0000 1.0000 1.0000
0.0000
-1.6220
0.6023 0.5310 0.6751 0.5310 0.6023
177.8 140.7 258.0 68.2 202.0 259.7
1.0000 1.0000 1.0000 1.0000 1.0000 1.0000
0.0000
-1.6220
0.6023 0.5310 0.6751 0.5310 0.6023
177.8 140.7 258.0 68.2 202.0 259.7
1.0000 1.0000 1.0000 1.0000 1.0000 1.0000
0.0000
-1.6699
0.2977 0.5489 0.6378 0.5489 0.2977
153.8 197.8 264.9 89.5 214.3 206.5
1.0000 1.0000 1.0000 1.0000 1.0000 1.0000
0.0000
-1.6699
0.2977 0.5489 0.6378 0.5489 0.2977
153.8 197.8 264.9 89.5 214.3 206.5
1.0000 1.0000 1.0000 1.0000 1.0000 1.0000
0.0000
-1.6204
0.3398 0.5792 0.5595 0.5792 0.3398
162.3 182.3 262.4 90.7 209.3 215.5
1.0000 1.0000 1.0000 1.0000 1.0000 1.0000
0.0000
-1.2540
0.6703 0.3338 0.8134 0.3338 0.6703
1.0 104.0 129.0 312.0 42.0 174.0
1.0000 1.0000 1.0000 1.0000 1.0000 1.0000
0.0000
-1.2540
0.6703 0.3338 0.8134 0.3338 0.6703
1.0 104.0 129.0 312.0 42.0 174.0
1.0000 1.0000 1.0000 1.0000 1.0000 1.0000
0.0000
-1.2540
0.6703 0.3338 0.8134 0.3338 0.6703
1.0 104.0 129.0 312.0 42.0 174.0
1.0000 1.0000 1.0000 1.0000 1.0000 1.0000
0.0000
-1.2540
0.6703 0.3338 0.8134 0.3338 0.6703
1.0 104.0 129.0 312.0 42.0 174.0
1.0000 1.0000 1.0000 1.0000 1.0000 1.0000
0.0000
-1.2540
0.6703 0.3338 0.8134 0.3338 0.6703
1.0 104.0 129.0 312.0 42.0 174.0
1.0000 1.0000 1.0000 1.0000 1.0000 1.0000
0.0000
-1.2540
0.6703 0.3338 0.8134 0.3338 0.6703
1.0 104.0 129.0 312.0 42.0 174.0
1.0000 1.0000 1.0000 1.0000 1.0000 1.0000
0.0000
-1.2540
0.6703 0.3338 0.8134 0.3338 0.6703
1.0 104.0 129.0 312.0 42.0 174.0
1.0000 1.0000 1.0000 1.0000 1.0000 1.0000
0.0000
-1.2540
0.6703 0.3338 0.8134 0.3338 0.6703
1.0 104.0 129.0 312.0 42.0 174.0
1.0000 1.0000 1.0000 1.0000 1.0000 1.0000
0.0000
-1.2540
0.6703 0.3338 0.8134 0.3338 0.6703
1.0 104.0 129.0 312.0 42.0 174.0
1.0000 1.0000 1.0000 1.0000 1.0000 1.0000
0.0000
-1.0900
0.4240 0.5064 0.6629 0.5064 0.4240
138.4 257.1 80.3 97.3 198.8 197.8
1.0000 1.0000 1.0000 1.0000 1.0000 1.0000
0.0000
-1.2231
0.8420 0.3747 0.7745 0.3747 0.8420
158.0 224.0 332.0 117.0 201.0 327.0
1.0000 1.0000 1.0000 1.0000 1.0000 1.0000
0.0000
-1.2231
0.8420 0.3747 0.7745 0.3747 0.8420
158.0 224.0 332.0 117.0 201.0 327.0
1.0000 1.0000 1.0000 1.0000 1.0000 1.0000
0.0000
-1.2699
0.3554 0.5663 0.4733 0.5663 0.3554
149.5 185.1 245.6 40.8 150.0 256.6
1.0000 1.0000 1.0000 1.0000 1.0000 1.0000
0.0000
-1.2699
0.3554 0.5663 0.4733 0.5663 0.3554
149.5 185.1 245.6 40.8 150.0 256.6
1.0000 1.0000 1.0000 1.0000 1.0000 1.0000
0.0000
-1.2699
0.3554 0.5663 0.4733 0.5663 0.3554
149.5 185.1 245.6 40.8 150.0 256.6
1.0000 1.0000 1.0000 1.0000 1.0000 1.0000
0.0000
-1.2699
0.3554 0.5663 0.4733 0.5663 0.3554
149.5 185.1 245.6 40.8 150.0 256.6
1.0000 1.0000 1.0000 1.0000 1.0000 1.0000
0.0000
-1.1730
0.3520 0.5571 0.4862 0.5571 0.3520
144.3 180.0 246.4 60.4 152.4 239.2
1.0000 1.0000 1.0000 1.0000 1.0000 1.0000
0.0000
-1.1730
0.3520 0.5571 0.4862 0.5571 0.3520
144.3 180.0 246.4 60.4 152.4 239.2
1.0000 1.0000 1.0000 1.0000 1.0000 1.0000
0.0000
-1.1730
0.3520 0.5571 0.4862 0.5571 0.3520
144.3 180.0 246.4 60.4 152.4 239.2
1.0000 1.0000 1.0000 1.0000 1.0000 1.0000
0.0000
-1.1730
0.3520 0.5571 0.4862 0.5571 0.3520
144.3 180.0 246.4 60.4 152.4 239.2
1.0000 1.0000 1.0000 1.0000 1.0000 1.0000
0.0000
-0.8905
0.3753 0.8084 0.0473 0.8084 0.3753
107.0 214.0 308.0 129.0 81.0 224.0
1.0000 1.0000 1.0000 1.0000 1.0000 1.0000
0.0000
-0.8905
0.3753 0.8084 0.0473 0.8084 0.3753
107.0 214.0 308.0 129.0 81.0 224.0
1.0000 1.0000 1.0000 1.0000 1.0000 1.0000
0.0000
-0.8204
0.4404 0.7554 0.5589 0.7554 0.4404
303.5 22.3 185.0 219.3 73.3 231.8
1.0000 1.0000 1.0000 1.0000 1.0000 1.0000
0.0000
-0.8204
0.4404 0.7554 0.5589 0.7554 0.4404
303.5 22.3 185.0 219.3 73.3 231.8
1.0000 1.0000 1.0000 1.0000 1.0000 1.0000
0.0000
-0.8204
0.4404 0.7554 0.5589 0.7554 0.4404
303.5 22.3 185.0 219.3 73.3 231.8
1.0000 1.0000 1.0000 1.0000 1.0000 1.0000
0.0000
-0.7312
0.5118 0.3156 0.5227 0.3156 0.5118
43.0 112.5 108.0 269.5 188.5 61.5
1.0000 1.0000 1.0000 1.0000 1.0000 1.0000
0.0000
-0.7312
0.5118 0.3156 0.5227 0.3156 0.5118
43.0 112.5 108.0 269.5 188.5 61.5
1.0000 1.0000 1.0000 1.0000 1.0000 1.0000
0.0000
-0.7312
0.5118 0.3156 0.5227 0.3156 0.5118
43.0 112.5 108.0 269.5 188.5 61.5
1.0000 1.0000 1.0000 1.0000 1.0000 1.0000
0.0000
-0.7312
0.5118 0.3156 0.5227 0.3156 0.5118
43.0 112.5 108.0 269.5 188.5 61.5
1.0000 1.0000 1.0000 1.0000 1.0000 1.0000
0.0000
-0.7312
0.5118 0.3156 0.5227 0.3156 0.5118
43.0 112.5 108.0 269.5 188.5 61.5
1.0000 1.0000 1.0000 1.0000 1.0000 1.0000
0.0000
-0.9133
0.6977 0.7224 0.1173 0.7224 0.6977
250.0 11.0 156.0 264.0 321.0 41.0
1.0000 1.0000 1.0000 1.0000 1.0000 1.0000
0.0000
-0.9133
0.6977 0.7224 0.1173 0.7224 0.6977
250.0 11.0 156.0 264.0 321.0 41.0
1.0000 1.0000 1.0000 1.0000 1.0000 1.0000
0.0000
-0.8454
0.6442 0.4081 0.5942 0.4081 0.6442
217.8 178.0 261.3 101.5 172.0 268.0
1.0000 1.0000 1.0000 1.0000 1.0000 1.0000
0.0000
-0.8454
0.6442 0.4081 0.5942 0.4081 0.6442
217.8 178.0 261.3 101.5 172.0 268.0
1.0000 1.0000 1.0000 1.0000 1.0000 1.0000
0.0000
-0.8454
0.6442 0.4081 0.5942 0.4081 0.6442
217.8 178.0 261.3 101.5 172.0 268.0
1.0000 1.0000 1.0000 1.0000 1.0000 1.0000
0.0000
-0.9489
0.3241 0.5917 0.3658 0.5917 0.3241
154.1 147.0 255.6 258.4 101.9 182.3
1.0000 1.0000 1.0000 1.0000 1.0000 1.0000
0.0000
-0.9961
0.3489 0.5768 0.3308 0.5768 0.3489
144.9 149.2 266.8 264.5 86.0 198.2
1.0000 1.0000 1.0000 1.0000 1.0000 1.0000
0.0000
-0.9961
0.3489 0.5768 0.3308 0.5768 0.3489
144.9 149.2 266.8 264.5 86.0 198.2
1.0000 1.0000 1.0000 1.0000 1.0000 1.0000
0.0000
-0.9961
0.3489 0.5768 0.3308 0.5768 0.3489
144.9 149.2 266.8 264.5 86.0 198.2
1.0000 1.0000 1.0000 1.0000 1.0000 1.0000
0.0000
-0.9906
0.3005 0.6088 0.3385 0.6088 0.3005
151.1 143.9 259.1 264.6 92.7 195.6
1.0000 1.0000 1.0000 1.0000 1.0000 1.0000
0.0000
