-0.0097
0.6684 0.6449 0.4660 0.6449 0.6684
76.0 355.0 193.0 114.0 49.0 275.0f
1.0000 1.0000 1.0000 1.0000 1.0000 1.0000
0.0000
-0.0097
0.6684 0.6449 0.4660 0.6449 0.6684
76.0 355.0 193.0 114.0 49.0 275.0f
1.0000 1.0000 1.0000 1.0000 1.0000 1.0000
0.0000
-0.0097
0.6684 0.6449 0.4660 0.6449 0.6684
76.0 355.0 193.0 114.0 49.0 275.0f
1.0000 1.0000 1.0000 1.0000 1.0000 1.0000
0.0000
-0.0079
0.6836 0.5185 0.7796 0.5185 0.6836
264.9 206.6 114.5 285.9 240.6 122.1f
1.0000 1.0000 1.0000 1.0000 1.0000 1.0000
0.0000
-0.0088
0.4837 0.5288 0.4446 0.5288 0.4837
145.5 108.0 318.0 207.0 177.0 93.5f
1.0000 1.0000 1.0000 1.0000 1.0000 1.0000
0.0000
-0.0094
0.5961 0.5223 0.7836 0.5223 0.5961
242.3 116.6 97.3 257.9 225.0 125.0f
1.0000 1.0000 1.0000 1.0000 1.0000 1.0000
0.0000
-0.0094
0.5961 0.5223 0.7836 0.5223 0.5961
242.3 116.6 97.3 257.9 225.0 125.0f
1.0000 1.0000 1.0000 1.0000 1.0000 1.0000
0.0000
-0.0094
0.5961 0.5223 0.7836 0.5223 0.5961
242.3 116.6 97.3 257.9 225.0 125.0f
1.0000 1.0000 1.0000 1.0000 1.0000 1.0000
0.0000
-0.0094
0.5961 0.5223 0.7836 0.5223 0.5961
242.3 116.6 97.3 257.9 225.0 125.0f
1.0000 1.0000 1.0000 1.0000 1.0000 1.0000
0.0000
-0.0105
0.5082 0.6526 0.4258 0.6526 0.5082
203.8 124.3 32.0 245.4 196.6 109.9f
1.0000 1.0000 1.0000 1.0000 1.0000 1.0000
0.0000
