-0.0078
0.4646 0.5877 0.6145 0.5877 0.4646
215.0 79.0 55.0 309.0 157.0 20.0f
1.0000 1.0000 1.0000 1.0000 1.0000 1.0000
0.0000
-0.0078
0.4646 0.5877 0.6145 0.5877 0.4646
215.0 79.0 55.0 309.0 157.0 20.0f
1.0000 1.0000 1.0000 1.0000 1.0000 1.0000
0.0000
-0.0078
0.4646 0.5877 0.6145 0.5877 0.4646
215.0 79.0 55.0 309.0 157.0 20.0f
1.0000 1.0000 1.0000 1.0000 1.0000 1.0000
0.0000
-0.0106
0.4250 0.6513 0.5707 0.6513 0.4250
254.5 135.8 69.8 278.5 226.3 119.8f
1.0000 1.0000 1.0000 1.0000 1.0000 1.0000
0.0000
-0.0106
0.4250 0.6513 0.5707 0.6513 0.4250
254.5 135.8 69.8 278.5 226.3 119.8f
1.0000 1.0000 1.0000 1.0000 1.0000 1.0000
0.0000
-0.0101
0.5605 0.6542 0.4828 0.6542 0.5605
232.1 136.8 119.7 288.0 207.8 102.5f
1.0000 1.0000 1.0000 1.0000 1.0000 1.0000
0.0000
-0.0101
0.5605 0.6542 0.4828 0.6542 0.5605
232.1 136.8 119.7 288.0 207.8 102.5f
1.0000 1.0000 1.0000 1.0000 1.0000 1.0000
0.0000
-0.0119
0.5126 0.6209 0.5486 0.6209 0.5126
223.5 107.9 87.3 298.5 182.4 61.2f
1.0000 1.0000 1.0000 1.0000 1.0000 1.0000
0.0000
-0.0139
0.5555 0.5950 0.4783 0.5950 0.5555
248.8 126.9 85.8 309.7 228.5 120.5f
1.0000 1.0000 1.0000 1.0000 1.0000 1.0000
0.0000
-0.0139
0.5555 0.5950 0.4783 0.5950 0.5555
248.8 126.9 85.8 309.7 228.5 120.5f
1.0000 1.0000 1.0000 1.0000 1.0000 1.0000
0.0000
