-0.0158
0.7398 0.7384 0.2680 0.7384 0.7398
230.0 243.0 154.0 257.0 273.0 236.0
1.0000 1.0000 1.0000 1.0000 1.0000 1.0000
0.0000
-0.0196
0.6470 0.7529 0.7796 0.7529 0.6470
163.5 147.5 195.5 184.5 232.0 166.0
1.0000 1.0000 1.0000 1.0000 1.0000 1.0000
0.0000
-0.0196
0.6470 0.7529 0.7796 0.7529 0.6470
163.5 147.5 195.5 184.5 232.0 166.0
1.0000 1.0000 1.0000 1.0000 1.0000 1.0000
0.0000
-0.0200
0.6126 0.6115 0.5097 0.6115 0.6126
189.4 160.2 167.5 162.7 192.0 163.9
1.0000 1.0000 1.0000 1.0000 1.0000 1.0000
0.0000
-0.0222
0.5788 0.6798 0.6121 0.6798 0.5788
167.9 175.6 187.4 193.0 208.7 175.2
1.0000 1.0000 1.0000 1.0000 1.0000 1.0000
0.0000
-0.0231
0.6102 0.6852 0.5663 0.6852 0.6102
181.1 200.7 164.8 185.1 217.9 192.1
1.0000 1.0000 1.0000 1.0000 1.0000 1.0000
0.0000
-0.0231
0.6102 0.6852 0.5663 0.6852 0.6102
181.1 200.7 164.8 185.1 217.9 192.1
1.0000 1.0000 1.0000 1.0000 1.0000 1.0000
0.0000
-0.0231
0.6102 0.6852 0.5663 0.6852 0.6102
181.1 200.7 164.8 185.1 217.9 192.1
1.0000 1.0000 1.0000 1.0000 1.0000 1.0000
0.0000
-0.0234
0.6102 0.6852 0.5663 0.6852 0.6102
181.1 200.7 187.0 185.1 217.9 192.1
1.0000 1.0000 1.0000 1.0000 1.0000 1.0000
0.0000
-0.0234
0.6102 0.6852 0.5663 0.6852 0.6102
181.1 200.7 187.0 185.1 217.9 192.1
1.0000 1.0000 1.0000 1.0000 1.0000 1.0000
0.0000
-0.0237
0.6213 0.6836 0.5996 0.6836 0.6213
191.2 189.8 181.5 208.1 212.8 199.1
1.0000 1.0000 1.0000 1.0000 1.0000 1.0000
0.0000
-0.0240
0.6182 0.6670 0.5862 0.6670 0.6182
186.5 203.9 180.5 201.7 216.0 200.2
1.0000 1.0000 1.0000 1.0000 1.0000 1.0000
0.0000
-0.0240
0.6182 0.6670 0.5862 0.6670 0.6182
186.5 203.9 180.5 201.7 216.0 200.2
1.0000 1.0000 1.0000 1.0000 1.0000 1.0000
0.0000
-0.0240
0.6182 0.6670 0.5862 0.6670 0.6182
186.5 203.9 180.5 201.7 216.0 200.2
1.0000 1.0000 1.0000 1.0000 1.0000 1.0000
0.0000
-0.0246
0.6182 0.7068 0.5862 0.7068 0.6182
186.5 203.9 180.5 201.7 216.0 200.2
1.0000 1.0000 1.0000 1.0000 1.0000 1.0000
0.0000
-0.0242
0.6288 0.6747 0.5837 0.6747 0.6288
193.4 192.2 182.6 200.7 217.0 201.2
1.0000 1.0000 1.0000 1.0000 1.0000 1.0000
0.0000
-0.0242
0.6288 0.6747 0.5837 0.6747 0.6288
193.4 192.2 182.6 200.7 217.0 201.2
1.0000 1.0000 1.0000 1.0000 1.0000 1.0000
0.0000
-0.0243
0.6215 0.6816 0.5776 0.6816 0.6215
188.2 197.0 188.0 198.6 217.0 198.5
1.0000 1.0000 1.0000 1.0000 1.0000 1.0000
0.0000
-0.0243
0.6270 0.6892 0.5821 0.6892 0.6270
193.4 199.4 179.1 203.3 214.8 199.0
1.0000 1.0000 1.0000 1.0000 1.0000 1.0000
0.0000
-0.0244
0.6509 0.6707 0.5793 0.6707 0.6509
192.5 195.4 178.9 203.2 216.8 200.3
1.0000 1.0000 1.0000 1.0000 1.0000 1.0000
0.0000
