-0.0093
0.5598 0.7810 0.1123 0.7810 0.5598
311.0 195.0 195.0 5.0 290.0 142.0f
1.0000 1.0000 1.0000 1.0000 1.0000 1.0000
0.0000
-0.0093
0.5598 0.7810 0.1123 0.7810 0.5598
311.0 195.0 195.0 5.0 290.0 142.0f
1.0000 1.0000 1.0000 1.0000 1.0000 1.0000
0.0000
-0.0093
0.5598 0.7810 0.1123 0.7810 0.5598
311.0 195.0 195.0 5.0 290.0 142.0f
1.0000 1.0000 1.0000 1.0000 1.0000 1.0000
0.0000
-0.0096
0.5066 0.6111 0.2401 0.6111 0.5066
260.0 189.5 146.8 47.0 300.0 171.8f
1.0000 1.0000 1.0000 1.0000 1.0000 1.0000
0.0000
-0.0096
0.5066 0.6111 0.2401 0.6111 0.5066
260.0 189.5 146.8 47.0 300.0 171.8f
1.0000 1.0000 1.0000 1.0000 1.0000 1.0000
0.0000
-0.0096
0.5066 0.6111 0.2401 0.6111 0.5066
260.0 189.5 146.8 47.0 300.0 171.8f
1.0000 1.0000 1.0000 1.0000 1.0000 1.0000
0.0000
-0.0096
0.5066 0.6111 0.2401 0.6111 0.5066
260.0 189.5 146.8 47.0 300.0 171.8f
1.0000 1.0000 1.0000 1.0000 1.0000 1.0000
0.0000
-0.0096
0.5066 0.6111 0.2401 0.6111 0.5066
260.0 189.5 146.8 47.0 300.0 171.8f
1.0000 1.0000 1.0000 1.0000 1.0000 1.0000
0.0000
-0.0099
0.4115 0.5639 0.5112 0.5639 0.4115
286.6 147.8 82.0 293.1 255.2 169.3f
1.0000 1.0000 1.0000 1.0000 1.0000 1.0000
0.0000
-0.0117
0.5058 0.6347 0.5942 0.6347 0.5058
294.3 187.0 72.2 289.8 224.0 134.2f
1.0000 1.0000 1.0000 1.0000 1.0000 1.0000
0.0000
