-0.0081
0.9420 0.9182 0.8685 0.9182 0.9420
161.0 270.0 204.0 331.0 193.0 61.0f
1.0000 1.0000 1.0000 1.0000 1.0000 1.0000
0.0000
-0.0117
0.5109 0.5912 0.5498 0.5912 0.5109
248.9 136.6 118.8 315.6 197.3 116.8f
1.0000 1.0000 1.0000 1.0000 1.0000 1.0000
0.0000
-0.0117
0.5109 0.5912 0.5498 0.5912 0.5109
248.9 136.6 118.8 315.6 197.3 116.8f
1.0000 1.0000 1.0000 1.0000 1.0000 1.0000
0.0000
-0.0117
0.5109 0.5912 0.5498 0.5912 0.5109
248.9 136.6 118.8 315.6 197.3 116.8f
1.0000 1.0000 1.0000 1.0000 1.0000 1.0000
0.0000
-0.0117
0.5109 0.5912 0.5498 0.5912 0.5109
248.9 136.6 118.8 315.6 197.3 116.8f
1.0000 1.0000 1.0000 1.0000 1.0000 1.0000
0.0000
-0.0117
0.5109 0.5912 0.5498 0.5912 0.5109
248.9 136.6 118.8 315.6 197.3 116.8f
1.0000 1.0000 1.0000 1.0000 1.0000 1.0000
0.0000
-0.0117
0.5109 0.5912 0.5498 0.5912 0.5109
248.9 136.6 118.8 315.6 197.3 116.8f
1.0000 1.0000 1.0000 1.0000 1.0000 1.0000
0.0000
-0.0093
0.5418 0.5043 0.6756 0.5043 0.5418
212.6 181.4 123.3 304.4 236.5 147.6f
1.0000 1.0000 1.0000 1.0000 1.0000 1.0000
0.0000
-0.0107
0.5232 0.5703 0.5480 0.5703 0.5232
216.1 186.7 109.9 321.0 215.1 159.1f
1.0000 1.0000 1.0000 1.0000 1.0000 1.0000
0.0000
-0.0107
0.5364 0.5290 0.5803 0.5290 0.5364
166.2 180.6 49.9 289.1 170.8 116.2f
1.0000 1.0000 1.0000 1.0000 1.0000 1.0000
0.0000
-0.0125
0.5405 0.5436 0.5986 0.5436 0.5405
188.7 178.4 72.4 303.4 218.7 133.1f
1.0000 1.0000 1.0000 1.0000 1.0000 1.0000
0.0000
-0.0125
0.5405 0.5436 0.5986 0.5436 0.5405
188.7 178.4 72.4 303.4 218.7 133.1f
1.0000 1.0000 1.0000 1.0000 1.0000 1.0000
0.0000
-0.0125
0.5405 0.5436 0.5986 0.5436 0.5405
188.7 178.4 72.4 303.4 218.7 133.1f
1.0000 1.0000 1.0000 1.0000 1.0000 1.0000
0.0000
-0.0125
0.5405 0.5436 0.5986 0.5436 0.5405
188.7 178.4 72.4 303.4 218.7 133.1f
1.0000 1.0000 1.0000 1.0000 1.0000 1.0000
0.0000
-0.0125
0.5405 0.5436 0.5986 0.5436 0.5405
188.7 178.4 72.4 303.4 218.7 133.1f
1.0000 1.0000 1.0000 1.0000 1.0000 1.0000
0.0000
-0.0125
0.5405 0.5436 0.5986 0.5436 0.5405
188.7 178.4 72.4 303.4 218.7 133.1f
1.0000 1.0000 1.0000 1.0000 1.0000 1.0000
0.0000
-0.0127
0.5026 0.5312 0.5445 0.5312 0.5026
201.3 124.3 30.0 272.7 188.0 143.2f
1.0000 1.0000 1.0000 1.0000 1.0000 1.0000
0.0000
-0.0129
0.5005 0.5159 0.6029 0.5159 0.5005
258.6 160.6 81.4 314.3 197.0 148.7f
1.0000 1.0000 1.0000 1.0000 1.0000 1.0000
0.0000
-0.0129
0.5005 0.5159 0.6029 0.5159 0.5005
258.6 160.6 81.4 314.3 197.0 148.7f
1.0000 1.0000 1.0000 1.0000 1.0000 1.0000
0.0000
-0.0132
0.5137 0.5235 0.6040 0.5235 0.5137
233.8 131.6 84.9 299.3 203.4 145.7f
1.0000 1.0000 1.0000 1.0000 1.0000 1.0000
0.0000
