-0.0051
0.5752 0.0598 0.2348 0.0598 0.5752
15.0 61.0 234.0 263.0 233.0 162.0f
1.0000 1.0000 1.0000 1.0000 1.0000 1.0000
0.0000
-0.0051
0.5752 0.0598 0.2348 0.0598 0.5752
15.0 61.0 234.0 263.0 233.0 162.0f
1.0000 1.0000 1.0000 1.0000 1.0000 1.0000
0.0000
-0.0078
0.5766 0.3634 0.3845 0.3634 0.5766
131.5 109.5 300.0 193.0 222.5 156.0f
1.0000 1.0000 1.0000 1.0000 1.0000 1.0000
0.0000
-0.0084
0.4885 0.3065 0.2373 0.3065 0.4885
82.5 39.5 279.5 301.5 205.0 169.0f
1.0000 1.0000 1.0000 1.0000 1.0000 1.0000
0.0000
-0.0084
0.4885 0.3065 0.2373 0.3065 0.4885
82.5 39.5 279.5 301.5 205.0 169.0f
1.0000 1.0000 1.0000 1.0000 1.0000 1.0000
0.0000
-0.0084
0.4885 0.3065 0.2373 0.3065 0.4885
82.5 39.5 279.5 301.5 205.0 169.0f
1.0000 1.0000 1.0000 1.0000 1.0000 1.0000
0.0000
-0.0084
0.4885 0.3065 0.2373 0.3065 0.4885
82.5 39.5 279.5 301.5 205.0 169.0f
1.0000 1.0000 1.0000 1.0000 1.0000 1.0000
0.0000
-0.0086
0.6259 0.4053 0.2560 0.4053 0.6259
166.3 65.7 320.5 268.7 181.3 181.4f
1.0000 1.0000 1.0000 1.0000 1.0000 1.0000
0.0000
-0.0086
0.6259 0.4053 0.2560 0.4053 0.6259
166.3 65.7 320.5 268.7 181.3 181.4f
1.0000 1.0000 1.0000 1.0000 1.0000 1.0000
0.0000
-0.0090
0.5572 0.3559 0.3772 0.3559 0.5572
124.4 52.6 300.0 285.1 193.2 175.2f
1.0000 1.0000 1.0000 1.0000 1.0000 1.0000
0.0000
