-0.0075
0.6522 0.9731 0.9037 0.9731 0.6522
55.0 18.0 193.0 14.0 180.0 76.0f
1.0000 1.0000 1.0000 1.0000 1.0000 1.0000
0.0000
-0.0075
0.6522 0.9731 0.9037 0.9731 0.6522
55.0 18.0 193.0 14.0 180.0 76.0f
1.0000 1.0000 1.0000 1.0000 1.0000 1.0000
0.0000
-0.0075
0.6522 0.9731 0.9037 0.9731 0.6522
55.0 18.0 193.0 14.0 180.0 76.0f
1.0000 1.0000 1.0000 1.0000 1.0000 1.0000
0.0000
-0.0085
0.4621 0.5033 0.6164 0.5033 0.4621
227.0 306.5 137.5 13.0 282.5 218.0f
1.0000 1.0000 1.0000 1.0000 1.0000 1.0000
0.0000
-0.0090
0.6522 0.9731 0.9037 0.9731 0.6522
116.0 18.0 193.0 14.0 180.0 76.0f
1.0000 1.0000 1.0000 1.0000 1.0000 1.0000
0.0000
-0.0090
0.6522 0.9731 0.9037 0.9731 0.6522
116.0 18.0 193.0 14.0 180.0 76.0f
1.0000 1.0000 1.0000 1.0000 1.0000 1.0000
0.0000
-0.0090
0.6522 0.9731 0.9037 0.9731 0.6522
116.0 18.0 193.0 14.0 180.0 76.0f
1.0000 1.0000 1.0000 1.0000 1.0000 1.0000
0.0000
-0.0107
0.4804 0.6143 0.4682 0.6143 0.4804
222.8 112.4 356.0 226.4 182.6 94.6f
1.0000 1.0000 1.0000 1.0000 1.0000 1.0000
0.0000
-0.0107
0.4804 0.6143 0.4682 0.6143 0.4804
222.8 112.4 356.0 226.4 182.6 94.6f
1.0000 1.0000 1.0000 1.0000 1.0000 1.0000
0.0000
-0.0107
0.4804 0.6143 0.4682 0.6143 0.4804
222.8 112.4 356.0 226.4 182.6 94.6f
1.0000 1.0000 1.0000 1.0000 1.0000 1.0000
0.0000
