-0.0056
0.9802 0.3127 0.5718 0.3127 0.9802
249.0 74.0 23.0 224.0 248.0 107.0f
1.0000 1.0000 1.0000 1.0000 1.0000 1.0000
0.0000
-0.0072
0.5876 0.4322 0.9447 0.4322 0.5876
174.5 116.0 74.8 252.0 185.5 129.3f
1.0000 1.0000 1.0000 1.0000 1.0000 1.0000
0.0000
-0.0072
0.5876 0.4322 0.9447 0.4322 0.5876
174.5 116.0 74.8 252.0 185.5 129.3f
1.0000 1.0000 1.0000 1.0000 1.0000 1.0000
0.0000
-0.0072
0.5876 0.4322 0.9447 0.4322 0.5876
174.5 116.0 74.8 252.0 185.5 129.3f
1.0000 1.0000 1.0000 1.0000 1.0000 1.0000
0.0000
-0.0078
0.4574 0.4311 0.8101 0.4311 0.4574
231.7 149.4 80.6 240.3 198.8 162.0f
1.0000 1.0000 1.0000 1.0000 1.0000 1.0000
0.0000
-0.0078
0.5461 0.4311 0.8101 0.4311 0.5461
231.7 149.4 80.6 240.3 187.0 162.0f
1.0000 1.0000 1.0000 1.0000 1.0000 1.0000
0.0000
-0.0090
0.5876 0.4322 0.9447 0.4322 0.5876
311.0 116.0 74.8 252.0 185.5 129.3f
1.0000 1.0000 1.0000 1.0000 1.0000 1.0000
0.0000
-0.0102
0.5876 0.4322 0.9447 0.4322 0.5876
250.0 116.0 74.8 252.0 185.5 129.3f
1.0000 1.0000 1.0000 1.0000 1.0000 1.0000
0.0000
-0.0104
0.5765 0.4317 0.9044 0.4317 0.5765
249.7 126.1 78.3 253.2 184.7 137.5f
1.0000 1.0000 1.0000 1.0000 1.0000 1.0000
0.0000
-0.0104
0.5765 0.4317 0.9044 0.4317 0.5765
249.7 126.1 78.3 253.2 184.7 137.5f
1.0000 1.0000 1.0000 1.0000 1.0000 1.0000
0.0000
